1000
0 68199 101519
1 25566 38365
2 14517 21952
3 61059 91237
4 53614 80878
5 8010 12048
6 6736 10045
7 31904 47871
8 39550 59785
9 59163 88233
10 56052 83308
11 927 1382
12 638 963
13 35155 52493
14 22677 33983
15 35265 52842
16 30794 46378
17 21381 32340
18 3831 5787
19 1660 2474
20 71909 108897
21 7842 11857
22 34732 52260
23 35711 53130
24 34570 51628
25 2207 3319
26 23276 35142
27 25717 38712
28 15240 22750
29 65581 97713
30 54994 83084
31 9614 14491
32 24102 36367
33 62075 93502
34 21345 32132
35 2957 4396
36 38602 57822
37 10028 15128
38 21054 31495
39 70588 104869
40 28396 42731
41 32011 48186
42 4094 6094
43 1691 2537
44 28995 43170
45 58158 86424
46 22926 34435
47 43777 66187
48 7647 11496
49 53560 79967
50 42178 63559
51 68374 102307
52 50749 75379
53 61972 92700
54 31508 46987
55 2205 3276
56 52034 77854
57 51958 78596
58 39619 59117
59 31819 48193
60 25572 38073
61 14523 21658
62 19111 28907
63 79107 117977
64 63635 95114
65 40123 59907
66 54039 81131
67 31444 46702
68 15327 22827
69 27521 40973
70 4998 7509
71 50483 76364
72 70411 105545
73 75631 114241
74 11786 17734
75 10023 14970
76 42638 64114
77 34285 51269
78 38106 57612
79 27515 41430
80 72777 108406
81 304 454
82 15824 23515
83 51838 77972
84 15767 23882
85 37888 56702
86 3910 5809
87 1459 2178
88 19837 29477
89 2525 3805
90 79088 117626
91 5708 8553
92 70043 104077
93 1582 2362
94 345 515
95 67047 100836
96 64203 95853
97 33643 50303
98 53272 79502
99 71611 106936
100 24315 36531
101 62999 95283
102 58420 88109
103 6332 9576
104 41690 62973
105 2077 3106
106 28556 43217
107 2729 4099
108 25287 38204
109 25592 38449
110 25152 37612
111 46533 69321
112 38393 57656
113 28441 42533
114 70462 106531
115 61140 92263
116 39696 59632
117 504 750
118 31900 47873
119 25595 38495
120 2663 4031
121 37611 56263
122 12894 19307
123 71524 107559
124 38763 58301
125 68921 102998
126 41839 62824
127 77267 115963
128 76196 113854
129 35338 52849
130 72934 109589
131 42508 63442
132 12002 18144
133 26395 39524
134 38117 56979
135 12587 18785
136 5659 8542
137 29374 44407
138 11099 16644
139 9033 13434
140 39605 58823
141 27636 41813
142 4963 7413
143 40032 59582
144 44947 67768
145 50800 76525
146 30389 45151
147 60404 90988
148 10564 15932
149 15669 23610
150 49003 72972
151 48586 73471
152 71436 107829
153 53969 81498
154 28640 42832
155 69450 103974
156 29415 43918
157 61235 90944
158 40182 59993
159 29412 43913
160 66155 99661
161 18189 27013
162 56687 85116
163 45937 68517
164 5515 8277
165 17341 26052
166 6789 10281
167 6097 9155
168 43847 65690
169 57456 86974
170 45042 67946
171 35880 54147
172 61194 92427
173 33361 49943
174 4292 6403
175 23083 34958
176 26749 39733
177 18028 27190
178 30450 45743
179 2776 4125
180 76394 113735
181 9170 13834
182 65265 98095
183 75642 113524
184 42481 63964
185 52840 79285
186 36247 54242
187 52707 79096
188 41005 61700
189 6951 10422
190 42374 63647
191 79686 119734
192 10712 16206
193 39369 59339
194 70406 105588
195 54363 81530
196 57968 86925
197 75366 113003
198 8583 12946
199 57455 86019
200 27381 40682
201 44225 66328
202 12653 18891
203 12609 18893
204 65929 99320
205 42815 64627
206 56546 85296
207 71160 107482
208 74872 112638
209 35376 52565
210 38607 58169
211 12737 19156
212 77636 116383
213 58445 87720
214 78830 117214
215 61428 93024
216 8329 12511
217 483 727
218 62324 93794
219 59300 89171
220 53894 80045
221 55913 83951
222 51501 77271
223 5136 7754
224 26251 39700
225 70643 106333
226 68476 103359
227 63671 94864
228 29592 44272
229 57971 86378
230 1445 2149
231 50607 75195
232 39183 58568
233 58874 89061
234 72407 108275
235 51587 77142
236 28395 42259
237 57346 85862
238 50793 76299
239 10395 15738
240 64765 97822
241 69532 104350
242 66151 100010
243 26108 39010
244 24349 36510
245 27225 40772
246 71978 107004
247 77181 116337
248 60116 89666
249 28381 42195
250 43264 64302
251 54872 81627
252 14517 21815
253 69498 105022
254 9269 13830
255 30251 45688
256 65391 98899
257 54538 81417
258 7617 11394
259 57692 87179
260 64485 97302
261 53276 80405
262 24303 36580
263 15685 23397
264 13781 20522
265 52418 79199
266 10615 15977
267 14299 21425
268 30032 44633
269 24756 37069
270 50771 75505
271 43687 65463
272 9233 13886
273 12838 19267
274 32463 49163
275 18430 27625
276 71760 107156
277 17610 26244
278 55300 83579
279 72763 110177
280 73797 109764
281 18986 28518
282 65512 99168
283 24298 36162
284 72721 109738
285 11089 16737
286 73633 110488
287 58143 87175
288 22507 33424
289 42695 63678
290 34284 51202
291 11374 17182
292 47993 71533
293 41479 62045
294 7444 11208
295 67217 101415
296 76641 114386
297 50502 75918
298 22350 33672
299 3721 5534
300 48143 72315
301 55951 84544
302 39802 59830
303 74643 111074
304 78956 118440
305 29306 43777
306 78998 119637
307 56459 84859
308 44896 67538
309 62567 92949
310 10634 15857
311 71894 108106
312 37777 56329
313 13134 19749
314 62598 93479
315 62544 94065
316 31231 46805
317 20240 30107
318 7862 11771
319 69988 104350
320 70430 105676
321 61691 93390
322 3454 5180
323 74601 112230
324 9123 13805
325 55491 83381
326 65992 98457
327 54653 82041
328 18092 27311
329 48249 72096
330 53161 79224
331 41378 62578
332 32294 48461
333 9040 13531
334 70843 107121
335 40885 61937
336 3825 5775
337 63158 94226
338 56377 84767
339 47812 72217
340 2583 3855
341 3967 5975
342 73771 111170
343 279 419
344 66354 99018
345 26650 40139
346 9998 15140
347 40567 60931
348 66883 100327
349 37750 56717
350 47527 71190
351 34853 52707
352 29920 45226
353 1956 2958
354 733 1092
355 68046 102692
356 22124 33174
357 36894 55164
358 38926 58872
359 29139 43770
360 6042 8998
361 1553 2333
362 14678 21929
363 15515 23195
364 62632 94755
365 60511 90278
366 6051 9132
367 53204 80133
368 16754 24906
369 42828 63604
370 79688 118723
371 64419 97165
372 29211 43810
373 79889 119466
374 48583 72793
375 8575 12904
376 21447 32455
377 66351 100448
378 77253 116551
379 58791 88745
380 53164 80513
381 73120 110230
382 13826 20666
383 67833 101872
384 34758 52613
385 33283 50371
386 53736 80492
387 12226 18222
388 51350 76550
389 9762 14503
390 25872 38982
391 26588 39943
392 66916 99576
393 22482 33788
394 12629 19010
395 74736 111498
396 43210 64774
397 38113 56983
398 15474 23338
399 69911 105554
400 13713 20379
401 39292 59525
402 18267 27644
403 66121 99294
404 35492 53175
405 10982 16361
406 58140 87407
407 76492 115218
408 42113 63158
409 29072 43911
410 10684 16110
411 23950 35887
412 79939 119057
413 69131 104364
414 34461 52074
415 26769 39933
416 59267 89586
417 42479 64222
418 30238 45538
419 10741 16052
420 74379 111107
421 20663 30741
422 14030 21075
423 978 1478
424 68087 101320
425 58375 86773
426 46311 69320
427 66286 99189
428 20413 30473
429 10187 15173
430 18935 28481
431 76019 113601
432 5596 8431
433 7387 11150
434 44218 66763
435 63594 94658
436 63683 96041
437 15865 24026
438 66474 99228
439 75855 112998
440 51624 78175
441 54347 81198
442 73682 111536
443 24408 36436
444 2810 4181
445 9633 14584
446 12562 18715
447 24498 36392
448 34843 52392
449 57444 86507
450 79842 120000
451 15245 22696
452 6300 9432
453 17657 26662
454 48722 73808
455 18093 27072
456 48289 72645
457 8459 12751
458 41661 61896
459 51314 76544
460 12876 19191
461 3961 5898
462 9829 14803
463 75829 114049
464 21715 32583
465 60014 89790
466 34999 52499
467 6196 9218
468 7953 11825
469 34754 51934
470 21526 32514
471 75204 112699
472 65296 97889
473 78171 118004
474 27009 40838
475 44060 66001
476 77914 116417
477 77927 115829
478 613 926
479 26419 39316
480 54641 82659
481 14292 21476
482 163 247
483 11036 16417
484 57802 86674
485 30613 46015
486 53274 80031
487 29214 43988
488 70557 106848
489 50734 76195
490 69717 105320
491 79707 118404
492 51613 76960
493 27104 40497
494 68942 102900
495 65929 99222
496 62953 94802
497 40676 61529
498 45898 68949
499 4327 6469
500 73762 111674
501 40340 60132
502 67015 100497
503 21277 31786
504 45505 68069
505 46951 70217
506 21205 31912
507 62243 94272
508 65640 98628
509 26172 39517
510 28300 42083
511 68252 101372
512 33958 50751
513 23415 34897
514 48952 72974
515 47038 70652
516 73398 109633
517 7253 10818
518 40879 60711
519 26567 39806
520 61141 92047
521 17987 26853
522 10620 15906
523 33443 50012
524 41748 62406
525 70100 105992
526 65968 98781
527 15093 22481
528 1069 1613
529 49820 75286
530 22218 33303
531 69460 103612
532 48432 73184
533 45395 68399
534 79477 119970
535 73161 110640
536 28272 42038
537 46706 69388
538 16297 24211
539 52491 78073
540 79833 120000
541 10182 15128
542 13685 20599
543 52934 78804
544 66943 99717
545 46913 70206
546 54405 82082
547 68015 102260
548 37208 55917
549 4496 6768
550 45580 68466
551 28974 43286
552 13676 20435
553 16298 24246
554 55290 83288
555 62987 95092
556 49076 73081
557 2427 3636
558 12974 19556
559 36952 55722
560 38648 58313
561 79807 119014
562 19448 29317
563 41053 61613
564 12962 19624
565 66584 100868
566 41997 63018
567 79901 119818
568 44455 66556
569 22353 33584
570 1772 2682
571 23968 35797
572 41842 62244
573 72424 108317
574 70339 105082
575 7748 11720
576 32264 48587
577 26075 38806
578 73109 108935
579 8443 12713
580 77402 117017
581 16453 24620
582 9690 14619
583 58494 87082
584 8992 13604
585 67290 101331
586 62178 92472
587 74672 112401
588 20590 30609
589 60900 90629
590 77459 116636
591 33967 51326
592 23668 35716
593 12957 19246
594 29347 44299
595 67443 101434
596 33211 50007
597 6148 9182
598 8480 12680
599 72187 107896
600 77362 115377
601 30130 45198
602 55490 82740
603 37300 55846
604 35931 53598
605 2968 4452
606 74750 111367
607 56983 86312
608 41365 61793
609 7162 10806
610 45968 68805
611 52440 78299
612 21110 31486
613 70229 105397
614 18182 27070
615 4171 6204
616 22191 32969
617 14406 21755
618 27528 41557
619 46286 69874
620 54833 82264
621 1683 2519
622 68244 102628
623 43168 64991
624 5799 8755
625 54004 81337
626 19968 29755
627 79796 118647
628 79788 120000
629 33942 51090
630 1656 2484
631 70509 105247
632 21303 31915
633 11043 16728
634 63453 94839
635 51081 76731
636 48848 73099
637 7413 11134
638 48423 72003
639 18012 27164
640 22510 34023
641 56066 83338
642 79742 120000
643 77790 117810
644 13797 20811
645 64708 96449
646 58614 88737
647 29142 43675
648 72888 108844
649 67176 100582
650 71430 106728
651 62559 93933
652 52616 79031
653 27265 40944
654 20251 30568
655 12861 19122
656 56688 84549
657 56110 83426
658 7987 11899
659 71431 106385
660 10152 15319
661 62030 92980
662 62431 93770
663 41110 61665
664 68430 102866
665 20989 31501
666 14902 22417
667 48545 72296
668 20689 31277
669 45106 67855
670 29269 44233
671 34488 51976
672 14007 21104
673 36373 54599
674 30335 45695
675 15974 24018
676 20309 30253
677 45199 68106
678 69435 103531
679 37497 56739
680 25262 37967
681 47553 71313
682 50323 75465
683 66263 98863
684 1843 2759
685 35051 52428
686 47954 72404
687 50915 76102
688 55166 82524
689 58984 89089
690 4757 7138
691 77317 116543
692 11005 16594
693 5286 7951
694 70572 105038
695 55672 83140
696 57013 85663
697 2048 3067
698 50711 75918
699 47591 71876
700 61624 92394
701 72920 110091
702 51665 77927
703 4777 7207
704 29463 43891
705 10759 16150
706 72110 108460
707 7695 11501
708 47300 71082
709 37351 56021
710 79579 118309
711 69797 103748
712 33305 49868
713 43123 64815
714 54845 82476
715 57935 87424
716 43719 65831
717 10176 15389
718 14639 22082
719 10177 15396
720 52831 79587
721 48846 73897
722 9857 14710
723 54093 80748
724 20177 30271
725 28840 42911
726 59702 90239
727 22768 33922
728 56217 83681
729 43073 65226
730 71623 107512
731 79136 119881
732 11341 17124
733 25985 38728
734 36525 54774
735 60047 90769
736 49971 74413
737 597 887
738 5598 8439
739 2326 3481
740 35597 53454
741 59428 88873
742 48507 72601
743 7090 10545
744 42939 65006
745 41727 62137
746 48022 71999
747 75957 113029
748 39425 59478
749 36554 54315
750 69483 103706
751 31496 47129
752 24997 37403
753 38325 57990
754 43198 64625
755 43341 65167
756 37890 57130
757 64379 96317
758 53165 79390
759 40613 61349
760 36275 53997
761 72360 108962
762 8255 12441
763 64614 97789
764 42754 64305
765 22441 33744
766 58645 88537
767 29039 43381
768 67815 101388
769 7166 10766
770 14746 22218
771 74809 113145
772 26307 39722
773 28160 42266
774 70356 105473
775 50346 75379
776 16352 24348
777 5093 7702
778 40565 60584
779 60425 90772
780 54836 82649
781 7428 11217
782 56800 85954
783 45187 67793
784 16529 24776
785 17922 26777
786 48350 71977
787 29780 44313
788 65127 98644
789 18113 27022
790 8636 13000
791 16134 23963
792 60039 90396
793 74964 111686
794 24034 35736
795 45788 68415
796 8880 13375
797 45920 68685
798 72443 108571
799 47284 70548
800 53508 81024
801 56139 84325
802 31875 47794
803 75422 113973
804 16729 25040
805 54869 81492
806 73503 109451
807 64789 98006
808 58303 87953
809 4850 7254
810 8460 12693
811 34432 51294
812 45405 68033
813 31954 47501
814 10063 15179
815 62643 93771
816 26811 40078
817 16994 25712
818 29478 44194
819 63619 95922
820 33553 49873
821 12382 18646
822 76890 116102
823 5193 7828
824 40428 60252
825 60858 91523
826 18135 27123
827 61879 92438
828 28379 42851
829 75236 112234
830 63151 95032
831 26906 40011
832 55554 84035
833 27937 41654
834 52859 79312
835 11523 17168
836 53658 79708
837 61712 93067
838 40434 60911
839 68361 101572
840 16067 23893
841 35544 53028
842 3284 4948
843 50420 76184
844 47154 71004
845 20016 30264
846 54121 81240
847 72953 108512
848 48860 73590
849 60384 91155
850 47684 71978
851 30666 45631
852 72823 108227
853 2740 4118
854 45327 68073
855 12914 19194
856 56980 85299
857 65350 97964
858 35434 53282
859 3487 5224
860 73668 111538
861 12956 19422
862 70896 106951
863 42411 63889
864 36641 54739
865 1263 1897
866 28842 43265
867 15349 22806
868 35363 52875
869 10525 15702
870 44353 66334
871 40122 59924
872 34242 51427
873 48498 72825
874 54490 81358
875 8450 12773
876 11136 16567
877 5723 8597
878 13204 19831
879 37071 56111
880 77542 116659
881 77960 117141
882 48276 72617
883 50579 76035
884 47015 70649
885 19620 29145
886 15664 23475
887 50637 76540
888 60881 90414
889 43200 65086
890 21524 32139
891 904 1366
892 71973 108701
893 71516 107419
894 50479 75998
895 27655 41383
896 5824 8700
897 40306 60307
898 10563 15932
899 15648 23526
900 10805 16195
901 39903 60338
902 18013 27076
903 46712 70130
904 5234 7806
905 22454 33881
906 8443 12661
907 77748 116603
908 54093 81660
909 72270 108452
910 48932 73938
911 24567 36624
912 36222 54528
913 18993 28498
914 14274 21481
915 30558 46271
916 9745 14570
917 22734 34029
918 13428 20164
919 16394 24485
920 77595 117112
921 41863 62483
922 3026 4498
923 34115 51666
924 5924 8912
925 35158 52712
926 25911 39118
927 20844 30996
928 78697 118079
929 68288 102416
930 70277 104859
931 6696 10048
932 25679 38904
933 42130 63012
934 42883 64652
935 2814 4185
936 79850 118812
937 17196 25949
938 67889 102294
939 19002 28450
940 42462 64146
941 4911 7421
942 59386 88391
943 49548 73842
944 21837 32443
945 11876 17804
946 40510 60801
947 21974 32734
948 34721 51802
949 71003 106519
950 13590 20390
951 27866 41681
952 6751 10078
953 75434 113087
954 43016 64119
955 52466 77928
956 10159 15180
957 46754 70263
958 53943 81677
959 67030 100911
960 55445 83783
961 76936 114986
962 24363 36274
963 42901 63992
964 27205 40824
965 79013 119113
966 48221 71890
967 27182 40943
968 18448 27700
969 48156 71569
970 63358 95799
971 2470 3691
972 37823 56792
973 59138 89481
974 38175 57241
975 56089 84261
976 9677 14573
977 29574 44273
978 61597 92400
979 42450 63160
980 43592 65548
981 48083 72180
982 69407 104452
983 57398 86144
984 8079 12142
985 19860 29812
986 78379 118582
987 19558 29069
988 38670 58478
989 2725 4085
990 26971 40317
991 54432 82204
992 65602 97682
993 70110 104811
994 2181 3244
995 46509 69964
996 69530 104120
997 29480 44180
998 43572 65939
999 34947 52021
29386820
