1024
0 1232 1070
1 298 1607
2 1461 773
3 473 1913
4 1704 105
5 1088 2048
6 754 1324
7 2010 509
8 1943 1915
9 45 1546
10 344 1190
11 869 1909
12 1968 1221
13 1577 278
14 234 1957
15 2012 1624
16 33 607
17 57 1276
18 79 1449
19 1813 1959
20 1830 1428
21 1573 1111
22 736 1605
23 1422 1370
24 1916 1348
25 913 959
26 1418 1815
27 127 158
28 1735 888
29 1831 816
30 1673 665
31 437 1526
32 1493 561
33 158 309
34 14 1083
35 1726 1552
36 1442 560
37 272 2040
38 361 218
39 730 757
40 937 317
41 1766 310
42 1579 1424
43 1219 462
44 1986 1089
45 1107 720
46 1643 370
47 810 627
48 1457 36
49 1308 604
50 1835 420
51 1161 1667
52 1050 837
53 1585 783
54 1388 499
55 175 676
56 645 16
57 1866 1486
58 644 1751
59 1048 1347
60 1956 2024
61 1172 58
62 967 116
63 1778 1767
64 255 1163
65 1052 1058
66 895 282
67 886 229
68 1223 1167
69 134 1416
70 1246 1113
71 231 37
72 1630 1694
73 65 581
74 91 1676
75 607 548
76 1520 1450
77 1600 749
78 413 1938
79 578 891
80 793 1816
81 1772 371
82 1011 1543
83 1263 1938
84 621 697
85 474 1727
86 1528 821
87 1828 565
88 1403 775
89 1649 1332
90 216 664
91 1555 1107
92 1151 758
93 1941 723
94 871 662
95 292 1543
96 243 1370
97 2043 624
98 1261 1768
99 1767 170
100 1963 172
101 1728 58
102 1888 1979
103 178 1190
104 293 175
105 354 642
106 1145 907
107 485 1862
108 1608 1597
109 1594 1145
110 1224 1096
111 474 1438
112 1968 1099
113 24 1378
114 958 828
115 246 619
116 1349 2001
117 402 860
118 1888 462
119 864 1398
120 953 1858
121 1081 1494
122 1535 8
123 1371 985
124 1328 1202
125 1469 71
126 54 1167
127 1849 299
128 555 1229
129 688 688
130 272 1123
131 118 647
132 1909 854
133 1137 541
134 522 932
135 864 1252
136 1460 1215
137 1403 21
138 1113 808
139 1132 296
140 1753 785
141 1297 1202
142 1199 411
143 521 262
144 1413 825
145 267 983
146 598 392
147 932 123
148 566 1654
149 575 704
150 1645 114
151 40 133
152 450 632
153 1475 2002
154 919 1505
155 1569 102
156 110 357
157 776 885
158 606 1036
159 353 904
160 1208 479
161 1164 1374
162 567 1669
163 956 737
164 1176 1472
165 1699 1670
166 706 1547
167 73 347
168 1994 1309
169 1418 1222
170 1235 874
171 563 939
172 370 464
173 472 457
174 1618 1557
175 519 1187
176 798 1678
177 2030 974
178 2043 1482
179 1561 1994
180 774 856
181 1278 872
182 1941 394
183 1108 1259
184 1792 1982
185 477 1605
186 1313 166
187 1444 2006
188 1423 589
189 404 917
190 1317 1442
191 1230 117
192 1541 795
193 1920 932
194 1536 1346
195 1104 19
196 153 1603
197 1652 204
198 506 1783
199 180 341
200 1773 469
201 31 1206
202 896 1667
203 1636 343
204 1377 380
205 427 424
206 1197 384
207 1009 226
208 1337 229
209 103 1102
210 1823 1595
211 849 1464
212 1896 1195
213 1761 1849
214 1207 1007
215 1677 1127
216 1924 72
217 196 1544
218 1476 1893
219 1515 1037
220 1609 1633
221 359 751
222 1196 388
223 1908 1576
224 661 1885
225 1752 1561
226 800 74
227 386 1329
228 1998 290
229 218 782
230 114 1351
231 923 1458
232 43 371
233 274 1318
234 1154 1933
235 725 1563
236 309 814
237 1897 171
238 1655 429
239 130 627
240 140 1416
241 859 812
242 551 1840
243 991 447
244 1728 749
245 174 569
246 736 1969
247 270 932
248 1481 1066
249 992 1136
250 1543 121
251 389 1465
252 115 779
253 43 1443
254 943 77
255 968 120
256 1984 1675
257 1793 894
258 1824 966
259 537 1224
260 793 325
261 1632 1261
262 1266 871
263 363 925
264 2009 449
265 334 817
266 59 1872
267 961 529
268 1148 727
269 889 98
270 995 1837
271 728 1286
272 901 301
273 1707 970
274 302 2009
275 434 46
276 483 417
277 1700 341
278 7 718
279 1380 1282
280 1136 788
281 1418 1553
282 407 1605
283 1870 1807
284 1987 1264
285 243 101
286 328 1973
287 1153 927
288 1400 606
289 1347 1924
290 1050 1307
291 26 927
292 430 250
293 740 591
294 529 1051
295 1984 1878
296 852 137
297 1673 656
298 273 253
299 912 1083
300 387 2044
301 903 1620
302 1119 531
303 1075 1547
304 7 701
305 1273 1493
306 1985 1792
307 976 1265
308 1237 17
309 54 286
310 207 1531
311 46 847
312 2 1304
313 200 1401
314 1286 1015
315 1577 1677
316 1934 170
317 1012 1852
318 1707 1884
319 88 1780
320 5 1820
321 1925 392
322 1663 1961
323 1151 884
324 722 694
325 1374 546
326 1009 1846
327 1322 1772
328 706 1105
329 775 1113
330 303 1776
331 1683 1349
332 1817 1659
333 579 700
334 1110 1719
335 1974 1909
336 1330 1036
337 1378 1032
338 673 1993
339 540 1611
340 137 526
341 1996 1163
342 1609 347
343 1242 1163
344 176 868
345 267 501
346 904 586
347 196 444
348 1162 904
349 1610 1094
350 1256 1409
351 1480 1970
352 458 1114
353 1036 850
354 722 394
355 769 1471
356 1943 471
357 1945 1300
358 1533 1632
359 1258 1279
360 719 1314
361 1370 1470
362 67 1904
363 1734 577
364 585 1863
365 1829 1866
366 750 626
367 1571 628
368 280 671
369 833 747
370 1413 1652
371 273 1943
372 1185 176
373 646 949
374 943 329
375 363 1190
376 1043 263
377 502 1613
378 1204 1089
379 344 2026
380 1676 1106
381 440 1652
382 684 967
383 1741 948
384 1279 1468
385 314 2008
386 873 82
387 1487 1646
388 1185 862
389 1527 1115
390 175 465
391 691 896
392 1648 1344
393 33 1743
394 319 368
395 1932 1900
396 34 300
397 1579 1504
398 1993 98
399 415 572
400 648 104
401 1519 1939
402 211 1307
403 1411 1034
404 306 789
405 2039 668
406 1064 783
407 566 66
408 1770 942
409 1815 1926
410 582 1004
411 1380 1264
412 584 1030
413 1126 78
414 510 1013
415 1188 1077
416 1395 947
417 1360 510
418 1583 1491
419 338 1709
420 994 1719
421 1839 113
422 1869 1304
423 1641 1648
424 161 495
425 459 312
426 24 330
427 371 747
428 1904 394
429 1942 1882
430 196 1573
431 371 1729
432 708 1162
433 132 1632
434 1898 116
435 97 369
436 125 1826
437 490 2021
438 135 426
439 1438 1903
440 1759 1123
441 937 932
442 1502 1829
443 374 1008
444 788 1690
445 162 1711
446 1537 1203
447 911 144
448 591 1089
449 1578 851
450 612 1237
451 2031 1948
452 1629 1649
453 1038 2004
454 1446 978
455 2019 1697
456 1575 1075
457 1106 1792
458 1929 1415
459 1524 1932
460 640 1307
461 1967 579
462 1976 157
463 1478 1910
464 1865 1046
465 403 448
466 1114 1166
467 628 755
468 182 579
469 1055 921
470 1290 653
471 2012 114
472 1089 82
473 601 101
474 1727 1103
475 1248 533
476 1187 952
477 1182 1927
478 181 1612
479 1678 259
480 2003 951
481 260 722
482 1624 1503
483 1474 1301
484 1509 259
485 1847 1480
486 1494 1651
487 680 1142
488 1868 396
489 1280 334
490 1741 920
491 817 1925
492 221 172
493 1669 415
494 60 176
495 866 1554
496 907 714
497 752 238
498 165 404
499 30 973
500 1470 555
501 1035 1508
502 1819 602
503 1720 636
504 968 387
505 1276 518
506 1937 1819
507 1411 336
508 1227 1923
509 563 154
510 181 1902
511 804 362
512 279 1394
513 569 933
514 1330 1008
515 1123 107
516 1755 396
517 1251 277
518 1542 1790
519 435 676
520 421 1211
521 1068 1827
522 1895 1177
523 1972 1847
524 277 484
525 1963 933
526 1375 4
527 1909 331
528 693 980
529 363 1713
530 262 140
531 1307 536
532 743 1427
533 154 1498
534 783 423
535 1358 115
536 83 1949
537 1114 509
538 1053 1346
539 901 799
540 1342 852
541 1698 1603
542 1784 491
543 1304 1030
544 457 1184
545 1278 994
546 1196 323
547 1698 812
548 497 144
549 671 711
550 1577 1484
551 814 238
552 461 1664
553 1273 1055
554 731 532
555 1588 2024
556 626 2047
557 508 130
558 1903 1476
559 844 1942
560 363 658
561 1170 29
562 934 20
563 64 388
564 1204 1276
565 493 50
566 489 445
567 1992 939
568 1194 168
569 2020 1474
570 1811 841
571 1307 836
572 1361 1660
573 589 560
574 1168 1910
575 559 1076
576 2034 1278
577 810 843
578 724 1037
579 1098 475
580 1513 1212
581 1808 1264
582 1470 1607
583 1080 1770
584 1319 1623
585 1306 1854
586 112 696
587 335 650
588 1728 1169
589 1878 277
590 436 860
591 23 491
592 1927 847
593 1647 852
594 1510 297
595 1854 1562
596 661 875
597 284 1544
598 1814 345
599 1830 1706
600 1339 457
601 1405 1413
602 1988 319
603 574 654
604 950 1791
605 128 548
606 107 1637
607 1523 308
608 1455 917
609 1261 528
610 969 831
611 1504 1717
612 340 928
613 431 359
614 401 940
615 1183 1726
616 926 831
617 1168 406
618 756 1829
619 1870 631
620 1035 1091
621 1119 1460
622 49 317
623 679 1667
624 476 1029
625 846 1602
626 536 992
627 604 1787
628 171 1840
629 2033 923
630 1583 360
631 1272 2022
632 477 3
633 308 758
634 2024 1920
635 118 403
636 66 605
637 1835 1718
638 1300 1650
639 1389 231
640 760 1921
641 153 1932
642 1923 836
643 97 1137
644 1108 631
645 653 134
646 377 1482
647 677 2017
648 356 1137
649 1383 1311
650 1655 1696
651 1507 48
652 1629 1942
653 66 1258
654 1383 922
655 1839 919
656 1013 1309
657 372 1378
658 1347 1065
659 63 291
660 393 669
661 177 1811
662 184 459
663 1822 1158
664 1935 250
665 1284 2048
666 343 879
667 1681 881
668 1446 1608
669 1700 532
670 1648 1400
671 746 654
672 1882 681
673 605 263
674 1928 705
675 261 254
676 600 1759
677 526 2030
678 1561 1477
679 1722 474
680 180 553
681 892 874
682 1547 988
683 1515 1057
684 385 929
685 1136 565
686 18 1830
687 1285 543
688 468 560
689 232 636
690 1251 1679
691 418 548
692 2030 1232
693 1491 1849
694 994 1559
695 909 803
696 566 942
697 153 1419
698 975 1086
699 104 143
700 823 364
701 357 1727
702 1920 1079
703 439 395
704 957 644
705 1026 121
706 1206 1879
707 254 67
708 995 1952
709 174 323
710 1694 721
711 1861 1793
712 911 1631
713 1080 1125
714 392 440
715 1835 350
716 707 723
717 1119 1226
718 233 1499
719 607 151
720 434 707
721 811 867
722 1188 1273
723 1308 746
724 139 616
725 453 572
726 1610 595
727 1033 1668
728 1633 320
729 266 573
730 690 1957
731 671 350
732 1701 1066
733 977 1612
734 35 782
735 485 34
736 1053 217
737 1204 834
738 1277 608
739 311 1761
740 67 1383
741 1724 238
742 1668 1783
743 1114 1855
744 1408 1419
745 1617 1307
746 842 2042
747 1044 98
748 683 1457
749 1355 1616
750 94 948
751 22 1466
752 1475 780
753 766 183
754 1066 870
755 734 635
756 959 1615
757 1707 1135
758 1463 1975
759 490 99
760 773 1456
761 157 312
762 708 1707
763 1633 279
764 1475 347
765 1007 40
766 720 1731
767 1028 565
768 337 1148
769 185 242
770 288 1460
771 1557 1264
772 1881 904
773 1057 1245
774 847 978
775 898 719
776 1368 1890
777 396 1654
778 1520 21
779 1407 469
780 1733 918
781 1526 422
782 1122 876
783 1380 835
784 1518 1198
785 1056 1191
786 1226 1202
787 113 179
788 1884 629
789 1567 1804
790 1246 368
791 473 1066
792 832 154
793 1671 217
794 2030 607
795 1318 123
796 67 1806
797 299 81
798 605 1341
799 1256 8
800 710 528
801 311 516
802 632 99
803 823 196
804 854 189
805 24 835
806 594 1870
807 886 1274
808 1776 1947
809 1661 1018
810 539 486
811 1647 323
812 857 885
813 1641 413
814 1566 838
815 932 176
816 406 1918
817 780 427
818 1870 1875
819 1145 266
820 97 143
821 238 1775
822 286 349
823 1935 437
824 23 1531
825 1704 380
826 765 157
827 1134 149
828 375 1864
829 1049 1564
830 1979 580
831 358 258
832 64 1224
833 1008 1698
834 177 888
835 1846 422
836 632 2024
837 242 345
838 1642 109
839 2018 1756
840 1258 1705
841 1603 648
842 1075 119
843 2001 2019
844 1330 1175
845 1968 1979
846 1976 451
847 533 1533
848 339 572
849 1211 332
850 435 538
851 628 1357
852 1213 730
853 1759 859
854 66 1232
855 408 14
856 566 1775
857 335 1082
858 1889 202
859 385 1401
860 528 198
861 1583 754
862 1972 1094
863 531 1640
864 925 1829
865 773 1375
866 1928 1721
867 1891 666
868 206 210
869 985 537
870 1473 1025
871 1314 545
872 622 638
873 588 1823
874 546 1721
875 1084 1878
876 856 1883
877 927 765
878 532 618
879 406 1642
880 183 856
881 1639 732
882 1259 243
883 1656 101
884 1295 1243
885 1644 1205
886 1602 332
887 1299 51
888 948 624
889 762 423
890 239 150
891 1333 258
892 479 1980
893 398 273
894 179 273
895 1801 1568
896 658 950
897 1205 511
898 1170 1384
899 907 1308
900 505 232
901 1161 1285
902 1931 369
903 1029 965
904 1260 1869
905 1044 1434
906 277 1098
907 945 1123
908 213 1530
909 1167 1683
910 655 643
911 104 820
912 8 434
913 1346 572
914 665 420
915 247 275
916 1639 1050
917 1158 842
918 767 330
919 368 2000
920 459 1557
921 1043 148
922 413 188
923 1958 1428
924 405 1683
925 184 588
926 121 664
927 929 1393
928 106 1498
929 795 1071
930 1268 768
931 436 993
932 742 1026
933 1302 1251
934 457 1908
935 1420 1751
936 1502 68
937 1253 1906
938 830 564
939 1881 443
940 1650 1343
941 1310 161
942 194 1498
943 1518 1628
944 1545 1368
945 1602 1689
946 728 141
947 635 1200
948 1027 235
949 1106 1545
950 10 242
951 1071 1026
952 1696 1752
953 178 1232
954 1864 450
955 1019 222
956 1155 1709
957 1622 1737
958 487 943
959 568 965
960 1994 637
961 1009 1612
962 810 2040
963 477 1430
964 917 1308
965 1449 1662
966 1799 214
967 1705 1844
968 1155 84
969 1430 634
970 1427 1960
971 1353 697
972 1142 1360
973 2033 258
974 1091 892
975 1646 1378
976 433 69
977 1493 301
978 498 1388
979 1896 493
980 273 1827
981 1772 328
982 1627 739
983 1188 1050
984 767 461
985 94 1509
986 366 185
987 1062 1686
988 601 289
989 1274 966
990 696 1229
991 2026 1378
992 1134 220
993 79 1054
994 1218 1664
995 448 1954
996 212 1817
997 1089 1893
998 1054 310
999 1024 1099
1000 1954 745
1001 1611 1956
1002 1421 1733
1003 1086 1567
1004 1131 615
1005 1907 3
1006 611 634
1007 1740 1031
1008 1007 1830
1009 1964 1022
1010 1576 22
1011 958 917
1012 625 1763
1013 807 1408
1014 1050 1259
1015 1972 1110
1016 28 1258
1017 1482 1501
1018 1780 1019
1019 1185 825
1020 231 1917
1021 1750 594
1022 323 205
1023 88 1588
734003
