128
0 44 34
1 30 63
2 9 1
3 57 53
4 20 57
5 52 12
6 6 44
7 94 9
8 67 31
9 33 70
10 48 18
11 69 73
12 24 81
13 93 50
14 70 65
15 28 52
16 25 91
17 21 36
18 11 45
19 85 63
20 2 64
21 37 11
22 32 77
23 98 30
24 92 76
25 45 91
26 26 35
27 31 30
28 27 28
29 35 44
30 61 5
31 21 50
32 33 57
33 14 73
34 10 91
35 6 20
36 50 96
37 20 28
38 25 98
39 50 97
40 85 57
41 46 94
42 7 8
43 55 10
44 66 53
45 39 84
46 91 2
47 38 31
48 57 96
49 12 64
50 43 28
51 69 7
52 2 13
53 81 11
54 72 59
55 15 32
56 65 48
57 26 98
58 32 39
59 88 19
60 88 52
61 80 14
62 51 96
63 14 51
64 35 63
65 48 74
66 31 22
67 58 41
68 27 79
69 98 4
70 94 9
71 39 89
72 94 86
73 21 89
74 47 12
75 11 88
76 88 10
77 4 69
78 1 74
79 6 75
80 53 84
81 88 71
82 11 3
83 11 6
84 97 1
85 86 43
86 48 61
87 32 25
88 87 59
89 1 20
90 56 16
91 75 83
92 7 62
93 69 3
94 71 66
95 24 19
96 7 90
97 31 20
98 33 56
99 75 94
100 11 96
101 56 74
102 96 31
103 6 46
104 49 95
105 54 74
106 61 75
107 57 42
108 44 45
109 38 41
110 36 80
111 30 50
112 8 11
113 56 18
114 74 88
115 46 27
116 73 13
117 54 96
118 84 54
119 56 18
120 77 18
121 77 78
122 55 100
123 3 29
124 56 62
125 17 71
126 82 95
127 81 31
640
