2000
0 887 1384
1 916 778
2 336 1794
3 493 1387
4 1422 650
5 28 363
6 60 691
7 1927 1764
8 1427 541
9 1737 1173
10 1369 1212
11 430 568
12 1531 1783
13 1124 863
14 1136 68
15 1803 1930
16 1059 23
17 168 1070
18 457 1394
19 43 1012
20 1374 230
21 920 422
22 538 1785
23 325 1199
24 371 316
25 1527 414
26 981 92
27 1874 1957
28 1171 863
29 1282 997
30 926 306
31 328 1085
32 506 337
33 1730 847
34 1858 1314
35 1896 125
36 546 1583
37 1368 815
38 365 1435
39 1751 44
40 809 1088
41 1179 1277
42 1585 1789
43 652 1404
44 400 755
45 1061 1933
46 1369 1677
47 13 1740
48 587 227
49 1540 95
50 571 796
51 379 1435
52 602 1468
53 903 98
54 493 1318
55 757 653
56 281 1302
57 1442 287
58 1690 1866
59 620 445
60 730 441
61 118 32
62 1772 98
63 676 482
64 928 710
65 1857 568
66 354 1498
67 966 587
68 684 1307
69 625 220
70 872 1529
71 830 1733
72 20 1504
73 1369 271
74 716 1709
75 150 341
76 724 1797
77 246 619
78 1452 847
79 1556 922
80 1489 380
81 229 1765
82 351 1842
83 1501 1194
84 1765 1035
85 915 125
86 1857 988
87 492 1744
88 366 228
89 1937 1860
90 552 1433
91 1229 438
92 1408 1276
93 122 1475
94 396 859
95 1238 30
96 1794 236
97 429 1819
98 1012 144
99 1530 1929
100 405 777
101 1764 444
102 539 614
103 841 607
104 819 905
105 689 1129
106 1918 1370
107 997 1918
108 1744 1325
109 184 1471
110 1500 491
111 726 1773
112 1591 1645
113 140 1506
114 1787 955
115 83 1670
116 465 543
117 1508 198
118 805 1356
119 612 349
120 1829 1623
121 1344 1300
122 1569 1747
123 1423 341
124 1811 1312
125 1802 1606
126 1731 1662
127 1306 879
128 737 1321
129 627 1445
130 1466 523
131 1417 709
132 1259 283
133 1638 925
134 1625 63
135 37 601
136 1900 1453
137 1551 1380
138 72 1469
139 1132 974
140 931 1882
141 1895 934
142 164 661
143 1982 1200
144 997 900
145 1774 960
146 1669 814
147 1096 1191
148 467 927
149 1341 1085
150 1685 91
151 1543 1377
152 1108 1937
153 1757 1446
154 419 1180
155 1413 888
156 173 1349
157 10 1660
158 1211 337
159 1588 343
160 1302 207
161 1373 1714
162 1256 1322
163 600 820
164 1905 1722
165 1812 1940
166 1668 1941
167 229 1706
168 1151 1128
169 659 1985
170 1225 1921
171 1270 423
172 82 1397
173 85 1631
174 1973 1293
175 1851 1673
176 1386 1626
177 1300 1223
178 43 641
179 714 1899
180 191 299
181 591 525
182 582 210
183 1337 820
184 1156 1733
185 5 1995
186 770 380
187 1777 1274
188 1256 851
189 143 1861
190 1885 1580
191 1206 1994
192 1568 1622
193 614 505
194 755 1962
195 260 1327
196 203 945
197 1507 1203
198 22 785
199 869 843
200 1190 1529
201 1909 873
202 499 1959
203 809 37
204 249 1754
205 1334 1304
206 1649 134
207 1755 891
208 1747 1568
209 1530 369
210 47 501
211 1798 1789
212 991 250
213 1034 1304
214 498 1364
215 893 254
216 1126 1687
217 1997 1153
218 1189 1976
219 1730 1158
220 461 1437
221 1922 1415
222 305 461
223 28 29
224 749 51
225 903 1557
226 1698 795
227 1044 700
228 3 1040
229 404 429
230 682 501
231 539 1648
232 1152 160
233 135 536
234 1693 340
235 128 216
236 1630 505
237 965 50
238 430 286
239 336 1344
240 901 1178
241 1972 1239
242 290 950
243 1989 1368
244 1796 293
245 1145 744
246 391 830
247 1341 1683
248 570 1542
249 233 1827
250 43 262
251 1118 361
252 762 24
253 310 82
254 1426 1191
255 368 997
256 235 678
257 1627 691
258 58 525
259 1169 1615
260 359 206
261 1387 313
262 347 1101
263 995 727
264 553 917
265 1530 1579
266 291 947
267 971 648
268 1081 1052
269 594 1632
270 628 858
271 1887 1313
272 356 1215
273 91 1513
274 1480 413
275 970 1611
276 275 190
277 1642 356
278 1434 621
279 1889 988
280 567 339
281 1285 1771
282 418 857
283 261 607
284 238 1850
285 1060 1206
286 519 1218
287 784 946
288 459 874
289 1638 874
290 484 290
291 479 608
292 1315 758
293 1730 472
294 1460 1101
295 1439 1619
296 1389 26
297 1234 1075
298 1682 158
299 359 1494
300 700 271
301 1840 1418
302 364 1570
303 795 623
304 1848 1174
305 1463 432
306 1391 683
307 1792 293
308 1116 1058
309 158 1522
310 1492 575
311 952 1948
312 1022 1232
313 1741 538
314 31 1055
315 1326 99
316 1517 1082
317 1003 1517
318 140 232
319 1405 1797
320 581 339
321 1022 1219
322 1863 1971
323 1380 813
324 686 978
325 1905 1537
326 1484 177
327 1760 1208
328 1745 858
329 1912 1500
330 1951 128
331 1561 1237
332 1106 1819
333 50 564
334 712 1245
335 1935 1806
336 1376 1292
337 1615 956
338 1769 1590
339 919 994
340 883 806
341 983 823
342 31 718
343 1575 1094
344 594 127
345 254 1487
346 1075 544
347 714 1815
348 378 180
349 1776 763
350 920 1089
351 733 1711
352 1018 295
353 236 347
354 1692 1138
355 1944 1154
356 329 574
357 1292 926
358 19 711
359 837 1218
360 1056 964
361 1859 1091
362 905 131
363 662 572
364 1686 1634
365 1074 790
366 852 605
367 1251 1806
368 504 1869
369 1007 1486
370 640 196
371 1121 950
372 227 968
373 1678 764
374 1982 597
375 1561 866
376 1956 1037
377 1519 1771
378 343 1212
379 1197 533
380 1322 380
381 985 271
382 428 173
383 41 235
384 73 1284
385 1831 1399
386 348 1064
387 31 951
388 1715 574
389 1523 60
390 925 48
391 1436 1083
392 1205 1233
393 444 955
394 1487 1899
395 279 1641
396 263 1160
397 1684 1263
398 1849 1042
399 325 1724
400 1123 273
401 1336 155
402 1458 1822
403 748 1366
404 1777 1172
405 1219 270
406 1704 702
407 1934 654
408 1960 908
409 807 729
410 721 1798
411 1309 1085
412 699 1335
413 377 992
414 716 899
415 1172 1053
416 1560 190
417 11 507
418 225 1017
419 540 1110
420 1379 1
421 1054 110
422 1115 1082
423 1990 1339
424 68 1427
425 1224 1148
426 232 788
427 123 533
428 1876 1282
429 180 851
430 255 591
431 1132 1351
432 1858 1814
433 1182 1495
434 604 82
435 434 1721
436 182 1983
437 1416 1488
438 826 1297
439 723 1405
440 552 893
441 33 298
442 1182 1135
443 416 507
444 1709 1058
445 2000 596
446 298 1963
447 1777 1484
448 978 155
449 588 1310
450 1383 1933
451 267 1022
452 861 1564
453 1212 1683
454 1087 1686
455 931 286
456 584 1991
457 1477 1315
458 1821 117
459 1526 1893
460 840 1529
461 1491 1526
462 1361 1137
463 1644 1619
464 929 338
465 622 583
466 1956 311
467 226 889
468 571 816
469 854 1438
470 1723 9
471 351 1784
472 1098 658
473 1127 1828
474 72 1270
475 1150 652
476 529 911
477 399 640
478 611 1889
479 578 394
480 977 1891
481 553 1200
482 88 932
483 100 778
484 567 658
485 1018 953
486 736 642
487 1299 1369
488 1196 185
489 1806 777
490 1429 1267
491 529 955
492 1594 309
493 198 1279
494 1673 556
495 446 775
496 326 1001
497 284 998
498 128 413
499 1422 383
500 1335 694
501 1335 440
502 160 422
503 958 986
504 1762 1355
505 973 763
506 1717 1542
507 1851 1853
508 1483 1663
509 218 400
510 1174 1155
511 507 1016
512 365 1852
513 264 791
514 1173 492
515 1538 38
516 829 860
517 1281 872
518 1857 988
519 342 591
520 1353 1971
521 1512 1666
522 1518 1070
523 1084 1362
524 113 1352
525 507 1301
526 668 1639
527 1490 1365
528 155 1033
529 1876 105
530 142 1680
531 539 1413
532 637 970
533 1957 171
534 761 845
535 815 650
536 315 466
537 1887 327
538 40 184
539 1536 970
540 622 153
541 1791 394
542 110 1290
543 674 1632
544 1736 265
545 296 549
546 314 1878
547 1199 834
548 1356 950
549 1794 1156
550 157 469
551 934 961
552 1287 824
553 1359 1172
554 141 1678
555 182 1246
556 1991 762
557 51 324
558 1955 101
559 365 1076
560 1625 43
561 1920 660
562 1845 290
563 1239 1470
564 977 1552
565 20 1384
566 344 1134
567 1957 1305
568 476 1982
569 12 1667
570 913 968
571 1730 193
572 869 903
573 1003 132
574 1208 1175
575 1217 1719
576 378 1184
577 1473 1488
578 958 574
579 126 1063
580 798 1934
581 1419 497
582 154 1142
583 1475 1727
584 1394 981
585 1949 1486
586 31 306
587 1560 30
588 161 899
589 425 563
590 281 1720
591 903 1642
592 1481 1011
593 1584 727
594 141 790
595 724 1709
596 558 939
597 432 494
598 221 711
599 1691 1906
600 1392 1614
601 271 1639
602 1668 1422
603 672 1830
604 744 181
605 1900 1096
606 1089 1025
607 387 1155
608 233 570
609 1711 1970
610 31 374
611 1664 434
612 1280 588
613 1650 95
614 352 1500
615 1465 1340
616 1331 1743
617 1516 87
618 1916 1350
619 1882 187
620 1635 1012
621 388 134
622 1288 723
623 1644 774
624 743 1520
625 245 1355
626 140 1125
627 64 260
628 354 1419
629 1270 1713
630 1405 706
631 800 734
632 820 735
633 436 316
634 854 1088
635 451 670
636 803 488
637 1563 838
638 1611 90
639 1961 1206
640 912 705
641 1830 558
642 817 1404
643 822 1893
644 1606 1523
645 580 444
646 1529 1362
647 448 1379
648 46 701
649 1788 883
650 1552 900
651 1387 590
652 1427 354
653 795 949
654 507 1037
655 93 1108
656 1665 1418
657 821 1922
658 167 481
659 355 1995
660 438 124
661 1485 934
662 313 318
663 1018 1932
664 1166 710
665 1609 1157
666 1746 1070
667 1423 996
668 296 1172
669 560 570
670 1677 802
671 572 653
672 926 1341
673 173 1744
674 90 1092
675 1567 528
676 1813 879
677 1197 1051
678 1334 125
679 1187 214
680 1371 500
681 1569 795
682 142 1116
683 640 1343
684 264 438
685 1591 1199
686 203 1940
687 1632 514
688 258 1129
689 572 1805
690 684 347
691 1226 139
692 1541 496
693 973 422
694 635 1227
695 1726 159
696 953 357
697 1473 1646
698 1340 1447
699 1884 112
700 1662 1604
701 1543 1826
702 340 217
703 1345 1175
704 1331 597
705 1295 268
706 758 14
707 861 520
708 1293 651
709 1877 1833
710 1991 280
711 636 1954
712 1599 1296
713 742 108
714 571 938
715 541 977
716 802 585
717 801 84
718 1610 1493
719 441 497
720 764 940
721 1305 1736
722 607 1874
723 524 165
724 350 252
725 531 752
726 705 340
727 1987 1166
728 1626 303
729 1592 1080
730 408 548
731 1132 485
732 920 1562
733 1054 1932
734 428 529
735 1820 1495
736 1582 1544
737 1769 1124
738 1640 188
739 439 644
740 1395 1989
741 681 1321
742 487 99
743 753 1019
744 99 464
745 1011 696
746 1180 506
747 67 143
748 426 99
749 979 1473
750 967 854
751 749 798
752 273 548
753 1087 517
754 1160 1913
755 1901 1878
756 1198 554
757 1004 933
758 1952 36
759 499 108
760 1155 50
761 907 1862
762 4 335
763 785 1326
764 798 429
765 1634 1764
766 561 116
767 1015 382
768 898 1186
769 1098 101
770 330 409
771 1314 1350
772 635 1880
773 1915 317
774 776 586
775 987 766
776 627 1931
777 617 1893
778 1570 630
779 1410 1753
780 1516 367
781 834 1396
782 1777 429
783 1614 1848
784 301 1027
785 1787 1063
786 764 630
787 509 1101
788 1417 1398
789 1983 776
790 1541 545
791 827 1321
792 1566 519
793 1500 1795
794 1547 1135
795 1854 909
796 304 1063
797 1843 687
798 535 433
799 1811 1808
800 870 835
801 1816 1597
802 697 1985
803 1383 325
804 1452 466
805 1362 1717
806 1038 1344
807 1862 188
808 1982 603
809 89 1361
810 621 1880
811 1294 1942
812 629 925
813 1709 1136
814 943 1163
815 1997 1871
816 1467 164
817 501 1812
818 488 516
819 1333 235
820 1951 291
821 1634 694
822 881 1340
823 294 1495
824 855 1214
825 1445 383
826 324 1476
827 752 739
828 1874 952
829 466 812
830 682 1169
831 1684 814
832 978 500
833 1015 536
834 770 1465
835 108 347
836 1392 1073
837 412 1741
838 1588 624
839 1837 1058
840 1440 794
841 621 1282
842 372 115
843 1419 1372
844 535 597
845 1765 1884
846 698 1568
847 68 1801
848 336 1675
849 1491 1434
850 133 1458
851 530 1950
852 1691 1524
853 148 1293
854 350 1630
855 423 336
856 1969 141
857 256 1044
858 767 340
859 937 26
860 261 1654
861 1221 1053
862 1205 958
863 984 1288
864 722 1541
865 998 827
866 1128 1206
867 729 1879
868 1171 1170
869 799 1228
870 1564 1521
871 1661 1222
872 617 1884
873 224 268
874 293 1383
875 1036 1512
876 564 554
877 1863 609
878 1896 1769
879 1661 1199
880 377 969
881 174 1010
882 888 1504
883 674 1255
884 482 58
885 1930 1824
886 1045 397
887 281 1943
888 210 13
889 1748 856
890 367 855
891 1760 1135
892 1743 1282
893 1402 1974
894 1172 1639
895 959 1414
896 423 1900
897 1756 1485
898 1091 1662
899 72 781
900 604 1924
901 321 1
902 1943 1
903 13 953
904 1808 505
905 1359 1760
906 895 526
907 159 1118
908 1091 637
909 627 1561
910 974 615
911 866 1938
912 1422 1749
913 1410 621
914 1401 864
915 787 1833
916 1834 5
917 357 1459
918 411 128
919 632 369
920 129 570
921 1447 342
922 1459 1375
923 11 1606
924 1166 902
925 1868 990
926 927 491
927 239 733
928 1706 700
929 1563 1
930 1833 1458
931 1462 349
932 1808 18
933 498 170
934 539 570
935 1140 1129
936 1471 1019
937 393 586
938 543 1281
939 534 755
940 1744 1708
941 551 401
942 1486 1022
943 1721 789
944 1141 1191
945 648 1635
946 1984 1326
947 1695 462
948 631 143
949 1064 192
950 1321 1521
951 539 555
952 1493 1143
953 423 931
954 1686 35
955 95 1309
956 1709 1781
957 803 645
958 1785 1546
959 1088 523
960 158 926
961 603 1736
962 549 493
963 987 297
964 841 1531
965 1052 50
966 957 513
967 1655 1590
968 873 449
969 483 429
970 89 558
971 338 577
972 1221 1798
973 1695 1140
974 15 1006
975 283 783
976 870 524
977 1016 1237
978 1885 1418
979 1300 354
980 755 725
981 1237 351
982 293 1711
983 159 1243
984 24 1165
985 1722 642
986 1570 112
987 261 411
988 1903 791
989 148 1956
990 1090 1917
991 440 782
992 18 1959
993 1376 1807
994 512 1902
995 979 675
996 1378 1266
997 977 567
998 162 1670
999 834 1135
1000 128 537
1001 1000 907
1002 1317 1698
1003 840 1261
1004 1568 1571
1005 1487 987
1006 1768 1009
1007 967 278
1008 436 137
1009 38 694
1010 1720 947
1011 213 1368
1012 1935 1097
1013 1118 1541
1014 675 96
1015 632 1951
1016 1209 803
1017 852 1631
1018 1243 526
1019 448 1691
1020 677 1162
1021 170 1935
1022 564 796
1023 932 1136
1024 181 1352
1025 298 1321
1026 689 1901
1027 997 862
1028 402 975
1029 1070 115
1030 417 1429
1031 583 53
1032 1683 1626
1033 503 1434
1034 1124 1278
1035 791 950
1036 1236 152
1037 947 961
1038 448 1800
1039 1503 230
1040 1550 629
1041 529 1800
1042 1014 590
1043 1564 1877
1044 1991 1767
1045 1195 985
1046 1037 760
1047 385 1777
1048 1210 1072
1049 701 1239
1050 540 685
1051 836 1491
1052 451 1776
1053 1927 1782
1054 363 1251
1055 1879 1429
1056 1580 265
1057 854 759
1058 635 945
1059 712 770
1060 106 978
1061 1737 258
1062 35 1143
1063 566 473
1064 1711 1596
1065 633 1266
1066 1108 250
1067 377 1468
1068 1602 1559
1069 1161 303
1070 83 1964
1071 228 1039
1072 1797 15
1073 959 1434
1074 555 431
1075 1408 1670
1076 1928 660
1077 1802 1496
1078 1968 314
1079 261 719
1080 336 30
1081 632 893
1082 713 1444
1083 1354 1008
1084 1663 314
1085 629 514
1086 1552 97
1087 111 857
1088 642 1700
1089 482 1070
1090 1091 1196
1091 1855 1890
1092 1737 1370
1093 1683 9
1094 727 1705
1095 1734 296
1096 1188 1415
1097 858 365
1098 1725 252
1099 565 211
1100 724 1739
1101 1835 1194
1102 402 627
1103 326 1946
1104 1367 1395
1105 590 807
1106 1048 457
1107 1827 796
1108 804 785
1109 841 1861
1110 156 1883
1111 1649 574
1112 1291 1696
1113 1947 506
1114 1068 1367
1115 1105 864
1116 409 1791
1117 769 1291
1118 1236 1162
1119 556 1094
1120 252 602
1121 1411 1145
1122 292 1652
1123 436 1589
1124 1449 1448
1125 1682 1276
1126 201 1957
1127 1652 1330
1128 1835 1843
1129 1561 1950
1130 1165 902
1131 1044 665
1132 1956 1573
1133 734 1812
1134 1257 1543
1135 497 1641
1136 1137 1860
1137 1511 259
1138 1847 1429
1139 876 298
1140 1925 1295
1141 1251 557
1142 1886 126
1143 320 1254
1144 1556 72
1145 1325 1881
1146 897 720
1147 645 368
1148 531 1204
1149 747 1730
1150 1371 1787
1151 1646 1595
1152 1853 859
1153 287 1509
1154 1806 1699
1155 1345 1514
1156 422 1731
1157 208 948
1158 201 659
1159 730 879
1160 759 108
1161 1180 54
1162 773 8
1163 1211 176
1164 1905 1303
1165 1441 309
1166 1903 1627
1167 486 1087
1168 947 107
1169 1805 1124
1170 638 752
1171 834 1502
1172 449 1411
1173 70 1393
1174 272 1001
1175 1109 1151
1176 1557 1382
1177 1389 288
1178 463 329
1179 1984 952
1180 1260 719
1181 346 1424
1182 862 1515
1183 1973 1183
1184 658 1808
1185 912 130
1186 1631 1295
1187 1058 1745
1188 1138 79
1189 1079 1127
1190 629 1761
1191 1142 187
1192 826 185
1193 866 883
1194 1834 1640
1195 359 849
1196 624 1445
1197 1311 1056
1198 590 1486
1199 1645 1284
1200 1413 1247
1201 894 556
1202 301 1043
1203 1121 1951
1204 1429 1790
1205 1550 551
1206 738 57
1207 242 1043
1208 1925 1915
1209 1555 1459
1210 659 110
1211 1555 265
1212 1320 1282
1213 1119 1217
1214 500 261
1215 1507 764
1216 1319 264
1217 1306 400
1218 702 1971
1219 112 778
1220 1329 130
1221 187 13
1222 1056 418
1223 684 780
1224 590 980
1225 1090 238
1226 854 1248
1227 881 996
1228 212 525
1229 785 2000
1230 1115 712
1231 1327 644
1232 1043 785
1233 1108 633
1234 1762 97
1235 226 1219
1236 1232 1442
1237 211 764
1238 1895 287
1239 1618 895
1240 1484 836
1241 83 1059
1242 54 338
1243 1214 1316
1244 1315 618
1245 1681 1999
1246 642 781
1247 1565 1007
1248 1639 36
1249 132 1024
1250 243 1753
1251 1546 710
1252 1825 1826
1253 464 1757
1254 1003 72
1255 907 81
1256 1492 486
1257 1175 990
1258 657 1545
1259 162 389
1260 739 1971
1261 1103 1842
1262 849 1380
1263 1767 1019
1264 43 839
1265 943 251
1266 960 285
1267 462 489
1268 597 1136
1269 1207 925
1270 1357 1599
1271 436 114
1272 1455 848
1273 745 1963
1274 703 111
1275 433 1258
1276 1452 1441
1277 1172 1887
1278 905 300
1279 1490 1290
1280 1540 947
1281 1583 785
1282 1273 851
1283 1987 44
1284 1320 1869
1285 1819 1193
1286 1658 677
1287 1876 254
1288 216 1464
1289 1926 620
1290 1878 1270
1291 710 710
1292 596 1681
1293 332 233
1294 1523 1501
1295 447 1821
1296 957 1414
1297 265 30
1298 425 229
1299 449 251
1300 1795 1745
1301 773 619
1302 873 1805
1303 1268 648
1304 1620 1440
1305 710 1194
1306 255 1849
1307 1529 1771
1308 356 851
1309 351 1860
1310 32 230
1311 1643 1149
1312 1178 989
1313 1569 1907
1314 509 1955
1315 1699 370
1316 988 304
1317 108 471
1318 1470 212
1319 4 1727
1320 1272 1441
1321 1289 1065
1322 1187 1527
1323 377 817
1324 1028 1542
1325 123 1079
1326 227 1060
1327 400 1766
1328 24 1405
1329 1359 1968
1330 689 533
1331 1188 1409
1332 231 1677
1333 240 1295
1334 1373 52
1335 1493 243
1336 1307 645
1337 523 781
1338 1950 494
1339 387 899
1340 1977 1329
1341 388 510
1342 627 203
1343 1959 1139
1344 1459 650
1345 1182 1669
1346 1429 147
1347 175 721
1348 15 1659
1349 63 415
1350 657 1740
1351 736 1555
1352 335 316
1353 1161 1258
1354 508 636
1355 1965 1547
1356 56 484
1357 1038 704
1358 1843 1034
1359 1684 1349
1360 1369 1301
1361 1447 1217
1362 1938 1150
1363 1160 1622
1364 388 304
1365 43 1222
1366 776 1044
1367 1711 778
1368 387 1463
1369 98 871
1370 418 894
1371 1729 62
1372 1118 825
1373 1859 767
1374 467 960
1375 260 1894
1376 1110 187
1377 1336 58
1378 31 1047
1379 1703 496
1380 1717 418
1381 1814 97
1382 875 493
1383 307 1524
1384 395 1261
1385 507 404
1386 818 1164
1387 340 235
1388 1353 1935
1389 894 550
1390 443 1819
1391 6 1505
1392 1914 1905
1393 1303 1693
1394 188 1945
1395 362 1005
1396 1102 257
1397 749 527
1398 51 328
1399 1940 1055
1400 1810 797
1401 312 446
1402 681 627
1403 913 1003
1404 1553 33
1405 204 158
1406 1662 347
1407 251 561
1408 253 1928
1409 1872 1554
1410 558 441
1411 1049 585
1412 1112 11
1413 338 149
1414 1555 1514
1415 662 278
1416 1075 1364
1417 343 1325
1418 327 1755
1419 140 1255
1420 1765 1879
1421 226 343
1422 903 1778
1423 1705 828
1424 381 1155
1425 1947 1576
1426 161 1291
1427 1301 995
1428 1143 1624
1429 1489 1991
1430 620 697
1431 413 150
1432 1826 1694
1433 1449 755
1434 361 152
1435 383 1588
1436 1930 125
1437 1903 960
1438 1787 1184
1439 338 1607
1440 1535 168
1441 1810 637
1442 1631 47
1443 1670 1110
1444 1452 1126
1445 174 1158
1446 1659 71
1447 1765 586
1448 1340 1484
1449 1987 1565
1450 1504 53
1451 177 369
1452 1328 1433
1453 968 431
1454 38 1467
1455 1634 1305
1456 293 1572
1457 1618 1795
1458 1256 276
1459 1401 1639
1460 1148 708
1461 778 1574
1462 160 1158
1463 993 894
1464 458 1851
1465 1903 979
1466 1348 1961
1467 1745 432
1468 862 1027
1469 493 712
1470 369 899
1471 822 478
1472 272 661
1473 1288 791
1474 781 1880
1475 587 688
1476 614 280
1477 1437 1364
1478 610 1125
1479 975 429
1480 1760 1067
1481 1028 1230
1482 1661 1459
1483 485 772
1484 1836 874
1485 125 1330
1486 159 204
1487 1216 946
1488 89 783
1489 662 504
1490 1543 869
1491 1501 1248
1492 963 156
1493 1632 937
1494 1718 1572
1495 639 959
1496 188 1477
1497 935 18
1498 1141 200
1499 1073 1771
1500 1452 1328
1501 1883 1197
1502 495 1611
1503 393 1099
1504 1954 583
1505 1803 1054
1506 653 1848
1507 356 1655
1508 592 1615
1509 1539 1987
1510 945 661
1511 489 529
1512 546 1484
1513 35 1423
1514 1545 38
1515 1366 1108
1516 656 997
1517 607 1248
1518 698 1150
1519 84 1351
1520 404 1003
1521 851 239
1522 1893 1056
1523 1022 1206
1524 1192 836
1525 1496 912
1526 1440 489
1527 324 1984
1528 1758 337
1529 727 359
1530 1466 1303
1531 651 92
1532 1691 121
1533 1623 1609
1534 959 389
1535 1391 58
1536 296 1362
1537 769 241
1538 1798 541
1539 1376 142
1540 1054 1342
1541 1830 1224
1542 1559 845
1543 1534 153
1544 511 1317
1545 971 260
1546 351 328
1547 801 1973
1548 1581 41
1549 781 775
1550 832 539
1551 1900 172
1552 764 1480
1553 20 1020
1554 1513 562
1555 255 1747
1556 970 918
1557 1763 84
1558 588 529
1559 197 1296
1560 1555 1451
1561 130 1167
1562 1139 257
1563 297 930
1564 56 719
1565 1609 1430
1566 1601 888
1567 719 1508
1568 879 716
1569 1629 738
1570 836 391
1571 1309 1883
1572 318 1806
1573 686 1423
1574 1070 1258
1575 708 882
1576 400 624
1577 880 837
1578 119 1890
1579 608 1528
1580 957 174
1581 1413 216
1582 75 909
1583 1977 131
1584 1220 1305
1585 47 1957
1586 1840 56
1587 213 1707
1588 1129 509
1589 1766 898
1590 131 198
1591 1173 473
1592 1662 530
1593 419 404
1594 284 132
1595 657 1378
1596 1945 1592
1597 853 70
1598 552 371
1599 27 829
1600 785 124
1601 531 73
1602 1780 976
1603 1485 1095
1604 1992 1260
1605 1810 1250
1606 75 474
1607 1003 982
1608 1738 1736
1609 1867 1773
1610 1502 21
1611 1612 875
1612 944 1446
1613 168 816
1614 1644 1848
1615 323 194
1616 618 781
1617 108 1205
1618 299 397
1619 9 1592
1620 1194 290
1621 763 1818
1622 1151 1268
1623 1355 117
1624 241 888
1625 1260 1573
1626 447 1742
1627 1539 1224
1628 39 1743
1629 1590 1706
1630 251 1683
1631 815 264
1632 1468 868
1633 1617 922
1634 866 1766
1635 407 1625
1636 1442 59
1637 1326 1521
1638 1989 592
1639 1832 680
1640 252 229
1641 1970 1091
1642 314 698
1643 792 1860
1644 1917 353
1645 387 733
1646 996 167
1647 1386 1201
1648 474 815
1649 580 1002
1650 978 1339
1651 1397 1338
1652 858 419
1653 1363 1074
1654 105 846
1655 1426 1194
1656 636 708
1657 1406 1747
1658 1606 950
1659 1654 549
1660 1282 1874
1661 40 40
1662 1592 277
1663 1092 1778
1664 1131 65
1665 1756 23
1666 1361 109
1667 527 1152
1668 578 570
1669 1416 241
1670 1434 682
1671 1390 1193
1672 940 70
1673 1371 1147
1674 1695 897
1675 771 1024
1676 1415 976
1677 1605 1162
1678 939 1006
1679 1422 696
1680 1070 70
1681 178 1177
1682 681 430
1683 1000 1056
1684 1297 1258
1685 1939 767
1686 1959 1082
1687 1503 1680
1688 826 1250
1689 147 1225
1690 248 873
1691 1848 917
1692 78 1662
1693 1019 1452
1694 499 1017
1695 1438 441
1696 1617 1569
1697 350 1967
1698 1022 297
1699 1906 1349
1700 467 670
1701 1752 197
1702 1876 778
1703 27 1606
1704 831 1054
1705 1926 173
1706 1089 1430
1707 1444 1773
1708 1577 1519
1709 887 462
1710 902 427
1711 1995 324
1712 290 871
1713 1519 697
1714 397 1663
1715 333 1425
1716 1621 864
1717 1641 436
1718 393 1848
1719 901 19
1720 544 1223
1721 1005 826
1722 951 1984
1723 1502 448
1724 909 879
1725 1305 388
1726 1063 163
1727 1033 1652
1728 348 1352
1729 1367 903
1730 327 744
1731 1959 51
1732 838 299
1733 499 1951
1734 1970 1230
1735 805 1399
1736 577 513
1737 848 1809
1738 256 1879
1739 1109 350
1740 737 1164
1741 1678 765
1742 416 152
1743 1855 710
1744 1613 1115
1745 211 1221
1746 1271 291
1747 942 169
1748 472 108
1749 1690 1440
1750 1190 441
1751 1305 494
1752 654 118
1753 348 152
1754 853 909
1755 424 1456
1756 573 1942
1757 93 102
1758 1163 1340
1759 455 1947
1760 1520 1127
1761 1770 1017
1762 1185 790
1763 1250 711
1764 502 1656
1765 448 1291
1766 1784 43
1767 513 104
1768 608 789
1769 1697 1212
1770 1020 1812
1771 1753 472
1772 925 1592
1773 931 197
1774 144 88
1775 1566 1737
1776 753 1663
1777 804 1335
1778 397 290
1779 297 405
1780 1695 898
1781 1293 1097
1782 1200 1830
1783 618 157
1784 1368 159
1785 323 666
1786 1138 387
1787 1978 75
1788 272 62
1789 501 909
1790 997 767
1791 781 67
1792 1401 1750
1793 39 1936
1794 341 1798
1795 1047 335
1796 1431 387
1797 217 691
1798 847 983
1799 1493 1186
1800 1852 215
1801 953 1815
1802 242 1341
1803 1754 931
1804 191 865
1805 1631 255
1806 673 1187
1807 1288 763
1808 698 73
1809 222 1326
1810 1661 1390
1811 1777 1621
1812 311 1443
1813 425 1993
1814 1530 1510
1815 76 270
1816 84 1381
1817 721 1028
1818 310 325
1819 1189 475
1820 1081 500
1821 39 1171
1822 1933 1753
1823 177 1326
1824 652 983
1825 372 399
1826 371 664
1827 458 148
1828 492 1033
1829 542 1235
1830 1504 22
1831 1754 617
1832 1997 1939
1833 264 827
1834 1653 306
1835 1158 1804
1836 1327 733
1837 837 1196
1838 521 1259
1839 593 1013
1840 1763 1524
1841 539 965
1842 1464 133
1843 1166 1349
1844 583 308
1845 329 59
1846 1028 438
1847 376 434
1848 1260 1024
1849 1329 991
1850 1147 912
1851 1996 486
1852 33 473
1853 83 832
1854 197 906
1855 429 676
1856 1640 1959
1857 444 1320
1858 668 1455
1859 1762 1961
1860 371 1602
1861 39 442
1862 876 1398
1863 421 414
1864 1757 487
1865 1399 102
1866 939 903
1867 1375 1746
1868 930 1324
1869 229 1457
1870 132 1126
1871 1436 1009
1872 680 123
1873 1578 231
1874 191 1347
1875 948 1691
1876 133 914
1877 311 1338
1878 1752 1008
1879 1494 1084
1880 1537 1508
1881 410 1244
1882 990 827
1883 150 136
1884 1592 1919
1885 1396 378
1886 1739 1724
1887 198 831
1888 1414 418
1889 117 1775
1890 1466 1956
1891 869 1416
1892 754 1950
1893 957 1180
1894 615 857
1895 716 802
1896 398 151
1897 977 1477
1898 1612 1739
1899 9 1127
1900 1856 1203
1901 1278 1404
1902 586 1594
1903 12 1476
1904 1602 1999
1905 307 128
1906 1543 1419
1907 1368 1175
1908 354 648
1909 1504 324
1910 1478 968
1911 1470 219
1912 1695 227
1913 1965 447
1914 1925 1306
1915 861 1973
1916 1728 1780
1917 1726 138
1918 1965 665
1919 1016 1737
1920 216 1567
1921 985 1322
1922 496 110
1923 758 353
1924 1028 1202
1925 521 261
1926 832 857
1927 1083 1991
1928 789 526
1929 184 1047
1930 1371 713
1931 492 1044
1932 1533 1450
1933 467 217
1934 305 1498
1935 1064 1482
1936 1155 872
1937 982 400
1938 752 2
1939 1203 91
1940 703 132
1941 988 76
1942 66 1534
1943 412 71
1944 1469 1206
1945 1918 947
1946 1990 1192
1947 993 761
1948 1330 1874
1949 1371 1459
1950 1292 1634
1951 858 786
1952 1538 798
1953 800 191
1954 281 289
1955 772 354
1956 429 1335
1957 1221 1760
1958 182 846
1959 51 1984
1960 930 2
1961 1193 320
1962 1081 1271
1963 1144 538
1964 348 410
1965 395 867
1966 4 1640
1967 789 1604
1968 1794 1541
1969 182 1588
1970 1942 426
1971 113 953
1972 1064 722
1973 1568 1333
1974 1316 1245
1975 1247 1970
1976 290 245
1977 1515 791
1978 1328 1722
1979 131 1010
1980 1876 1676
1981 1667 877
1982 481 232
1983 1772 455
1984 43 626
1985 1404 305
1986 1258 336
1987 1057 1516
1988 848 673
1989 1918 976
1990 946 515
1991 759 1164
1992 1954 1587
1993 1308 625
1994 1634 1282
1995 1309 1790
1996 1018 1862
1997 93 975
1998 1429 1850
1999 476 216
200000
