5000
0 887 4384
1 1916 2778
2 3336 2794
3 493 387
4 1422 1650
5 28 2363
6 60 3691
7 3927 2764
8 3427 541
9 737 4173
10 369 212
11 1430 2568
12 1531 783
13 124 2863
14 3136 4068
15 4803 3930
16 3059 4023
17 3168 3070
18 3457 1394
19 3043 12
20 2374 1230
21 4920 4422
22 3538 3785
23 4325 199
24 4371 3316
25 3527 1414
26 3981 1092
27 1874 4957
28 4171 1863
29 2282 1997
30 926 2306
31 1328 2085
32 1506 337
33 1730 847
34 858 1314
35 3896 1125
36 546 4583
37 3368 3815
38 365 435
39 3751 4044
40 1809 1088
41 2179 2277
42 3585 789
43 2652 404
44 2400 2755
45 61 4933
46 3369 4677
47 13 2740
48 3587 1227
49 2540 3095
50 571 796
51 379 1435
52 1602 2468
53 2903 98
54 493 3318
55 757 1653
56 281 2302
57 4442 4287
58 4690 3866
59 1620 3445
60 4730 3441
61 3118 3032
62 772 3098
63 676 4482
64 3928 710
65 2857 4568
66 2354 4498
67 1966 4587
68 4684 307
69 3625 1220
70 2872 1529
71 3830 733
72 20 4504
73 3369 3271
74 1716 4709
75 3150 1341
76 724 2797
77 2246 2619
78 3452 2847
79 3556 2922
80 2489 2380
81 3229 2765
82 2351 4842
83 1501 194
84 2765 2035
85 4915 125
86 857 1988
87 1492 3744
88 3366 2228
89 1937 4860
90 2552 1433
91 4229 1438
92 408 3276
93 1122 1475
94 4396 3859
95 1238 1030
96 3794 3236
97 4429 819
98 1012 1144
99 4530 929
100 2405 3777
101 764 4444
102 4539 4614
103 1841 3607
104 4819 2905
105 689 129
106 2918 2370
107 1997 4918
108 2744 3325
109 2184 4471
110 500 3491
111 1726 4773
112 591 645
113 3140 2506
114 4787 2955
115 3083 2670
116 3465 3543
117 4508 198
118 3805 4356
119 3612 1349
120 2829 3623
121 2344 4300
122 569 747
123 423 4341
124 3811 3312
125 1802 2606
126 3731 662
127 1306 4879
128 3737 4321
129 3627 4445
130 3466 3523
131 3417 1709
132 3259 3283
133 2638 2925
134 625 2063
135 2037 2601
136 1900 3453
137 551 4380
138 72 2469
139 2132 974
140 4931 3882
141 895 3934
142 164 3661
143 2982 2200
144 2997 3900
145 3774 2960
146 4669 2814
147 1096 2191
148 1467 2927
149 1341 85
150 2685 2091
151 543 3377
152 4108 937
153 4757 2446
154 3419 4180
155 4413 1888
156 2173 3349
157 2010 1660
158 211 2337
159 2588 1343
160 4302 3207
161 2373 2714
162 1256 322
163 4600 4820
164 4905 2722
165 4812 940
166 668 3941
167 1229 1706
168 4151 1128
169 1659 985
170 4225 3921
171 2270 2423
172 4082 1397
173 85 631
174 1973 4293
175 3851 2673
176 386 2626
177 4300 1223
178 1043 1641
179 714 3899
180 1191 2299
181 2591 525
182 3582 3210
183 4337 3820
184 1156 2733
185 3005 995
186 4770 380
187 1777 274
188 2256 3851
189 3143 1861
190 885 580
191 3206 1994
192 4568 2622
193 614 2505
194 2755 1962
195 4260 1327
196 3203 3945
197 3507 3203
198 2022 1785
199 869 2843
200 190 4529
201 4909 3873
202 499 4959
203 3809 3037
204 1249 2754
205 3334 3304
206 1649 2134
207 4755 2891
208 1747 2568
209 4530 369
210 3047 4501
211 4798 3789
212 1991 1250
213 3034 3304
214 2498 364
215 4893 254
216 4126 2687
217 3997 1153
218 4189 976
219 3730 4158
220 2461 437
221 3922 3415
222 1305 461
223 3028 29
224 1749 3051
225 3903 2557
226 2698 4795
227 1044 3700
228 2003 1040
229 1404 429
230 682 4501
231 3539 2648
232 152 1160
233 2135 2536
234 1693 4340
235 1128 2216
236 630 505
237 965 50
238 1430 3286
239 1336 344
240 2901 3178
241 2972 239
242 290 1950
243 2989 368
244 796 2293
245 3145 744
246 3391 2830
247 341 1683
248 570 3542
249 4233 3827
250 1043 2262
251 4118 361
252 1762 3024
253 1310 82
254 426 3191
255 1368 3997
256 4235 4678
257 1627 691
258 1058 4525
259 3169 4615
260 359 3206
261 2387 1313
262 4347 101
263 4995 2727
264 1553 4917
265 3530 579
266 2291 3947
267 1971 2648
268 4081 4052
269 3594 4632
270 3628 858
271 1887 1313
272 3356 4215
273 91 3513
274 4480 4413
275 3970 4611
276 2275 1190
277 2642 1356
278 434 1621
279 2889 3988
280 4567 3339
281 2285 2771
282 418 1857
283 2261 607
284 238 850
285 3060 2206
286 3519 218
287 784 4946
288 3459 1874
289 2638 874
290 484 4290
291 479 1608
292 4315 2758
293 730 4472
294 3460 1101
295 4439 3619
296 1389 3026
297 1234 3075
298 3682 3158
299 359 3494
300 700 271
301 1840 3418
302 3364 570
303 3795 2623
304 4848 3174
305 2463 1432
306 4391 1683
307 792 4293
308 116 58
309 1158 1522
310 1492 3575
311 2952 1948
312 22 4232
313 3741 538
314 4031 55
315 326 4099
316 2517 1082
317 3003 3517
318 1140 2232
319 405 1797
320 4581 2339
321 4022 4219
322 4863 3971
323 380 4813
324 2686 4978
325 4905 1537
326 3484 4177
327 4760 4208
328 4745 4858
329 4912 3500
330 3951 128
331 2561 237
332 106 2819
333 50 564
334 3712 1245
335 4935 1806
336 2376 3292
337 3615 3956
338 3769 3590
339 4919 3994
340 1883 2806
341 1983 4823
342 4031 1718
343 1575 3094
344 1594 127
345 254 1487
346 3075 544
347 4714 2815
348 3378 3180
349 776 4763
350 2920 2089
351 1733 711
352 1018 295
353 236 347
354 692 1138
355 3944 154
356 1329 2574
357 4292 926
358 4019 1711
359 1837 2218
360 56 1964
361 3859 2091
362 4905 3131
363 2662 3572
364 4686 4634
365 3074 4790
366 1852 2605
367 4251 4806
368 1504 2869
369 4007 4486
370 4640 2196
371 1121 2950
372 227 968
373 2678 1764
374 3982 597
375 2561 866
376 2956 4037
377 3519 2771
378 1343 4212
379 197 2533
380 2322 2380
381 4985 3271
382 4428 4173
383 2041 4235
384 73 2284
385 831 2399
386 348 1064
387 2031 1951
388 3715 574
389 2523 1060
390 1925 4048
391 4436 83
392 4205 1233
393 444 2955
394 487 1899
395 4279 641
396 263 4160
397 4684 4263
398 4849 1042
399 3325 1724
400 4123 1273
401 2336 4155
402 2458 822
403 2748 4366
404 1777 1172
405 219 270
406 1704 3702
407 4934 4654
408 3960 908
409 2807 1729
410 3721 798
411 1309 2085
412 2699 335
413 1377 992
414 2716 3899
415 172 1053
416 1560 3190
417 4011 2507
418 3225 4017
419 1540 3110
420 3379 1
421 54 3110
422 4115 82
423 990 1339
424 3068 4427
425 224 148
426 2232 1788
427 2123 1533
428 3876 1282
429 180 4851
430 2255 1591
431 1132 351
432 2858 3814
433 4182 1495
434 4604 1082
435 2434 721
436 182 2983
437 4416 2488
438 3826 4297
439 3723 405
440 552 1893
441 33 298
442 3182 4135
443 416 3507
444 4709 2058
445 5000 596
446 2298 1963
447 777 2484
448 3978 155
449 2588 1310
450 3383 4933
451 4267 22
452 3861 3564
453 4212 3683
454 4087 2686
455 931 4286
456 4584 991
457 1477 2315
458 821 4117
459 2526 1893
460 3840 529
461 2491 2526
462 1361 1137
463 2644 4619
464 929 338
465 1622 1583
466 2956 4311
467 4226 889
468 4571 1816
469 854 3438
470 2723 9
471 2351 1784
472 4098 3658
473 4127 3828
474 2072 1270
475 3150 1652
476 529 911
477 3399 640
478 1611 1889
479 3578 2394
480 3977 3891
481 4553 200
482 1088 1932
483 100 3778
484 3567 658
485 2018 953
486 2736 2642
487 1299 4369
488 3196 3185
489 806 1777
490 3429 267
491 2529 3955
492 4594 309
493 2198 2279
494 4673 2556
495 1446 775
496 2326 1
497 3284 998
498 1128 3413
499 422 3383
500 4335 4694
501 2335 2440
502 3160 3422
503 2958 4986
504 1762 1355
505 2973 3763
506 2717 1542
507 1851 1853
508 483 3663
509 1218 400
510 1174 155
511 1507 4016
512 1365 4852
513 3264 4791
514 3173 2492
515 3538 38
516 3829 3860
517 2281 872
518 857 1988
519 3342 1591
520 353 3971
521 512 2666
522 4518 3070
523 3084 2362
524 4113 1352
525 1507 4301
526 4668 1639
527 1490 4365
528 4155 1033
529 4876 1105
530 1142 3680
531 2539 3413
532 637 4970
533 1957 1171
534 2761 2845
535 1815 1650
536 4315 4466
537 3887 2327
538 1040 184
539 1536 1970
540 2622 153
541 1791 4394
542 110 2290
543 4674 4632
544 736 4265
545 4296 4549
546 4314 1878
547 3199 1834
548 4356 4950
549 2794 156
550 3157 3469
551 2934 961
552 3287 3824
553 359 3172
554 141 678
555 2182 3246
556 3991 2762
557 51 324
558 4955 4101
559 3365 1076
560 625 2043
561 3920 2660
562 845 1290
563 1239 3470
564 4977 1552
565 20 384
566 1344 3134
567 1957 4305
568 2476 982
569 3012 3667
570 1913 3968
571 1730 193
572 1869 903
573 3 3132
574 4208 3175
575 217 4719
576 2378 1184
577 2473 488
578 3958 4574
579 1126 63
580 1798 3934
581 3419 2497
582 3154 3142
583 475 1727
584 394 1981
585 949 3486
586 31 2306
587 4560 4030
588 2161 1899
589 1425 4563
590 4281 2720
591 3903 1642
592 3481 3011
593 2584 2727
594 4141 3790
595 2724 3709
596 2558 939
597 432 2494
598 4221 711
599 2691 906
600 4392 4614
601 3271 3639
602 2668 4422
603 2672 2830
604 3744 1181
605 3900 4096
606 2089 3025
607 2387 4155
608 3233 570
609 711 4970
610 31 2374
611 4664 3434
612 2280 2588
613 4650 95
614 2352 1500
615 2465 2340
616 2331 1743
617 2516 2087
618 4916 1350
619 3882 187
620 635 12
621 4388 4134
622 3288 2723
623 4644 1774
624 1743 1520
625 245 355
626 140 3125
627 2064 1260
628 1354 2419
629 270 1713
630 405 3706
631 1800 2734
632 4820 2735
633 436 4316
634 854 1088
635 2451 670
636 4803 1488
637 563 1838
638 3611 3090
639 961 206
640 1912 1705
641 4830 2558
642 3817 3404
643 822 1893
644 3606 1523
645 1580 2444
646 1529 362
647 4448 3379
648 4046 2701
649 3788 4883
650 552 4900
651 1387 2590
652 4427 354
653 4795 1949
654 3507 3037
655 1093 2108
656 4665 418
657 3821 922
658 4167 3481
659 1355 995
660 3438 4124
661 4485 2934
662 1313 1318
663 4018 3932
664 166 1710
665 1609 4157
666 1746 2070
667 2423 2996
668 1296 1172
669 560 3570
670 677 4802
671 1572 1653
672 3926 341
673 173 1744
674 4090 3092
675 3567 1528
676 813 3879
677 197 3051
678 3334 2125
679 187 4214
680 3371 3500
681 569 1795
682 1142 116
683 2640 4343
684 4264 2438
685 3591 3199
686 1203 4940
687 1632 1514
688 3258 129
689 4572 1805
690 4684 2347
691 1226 3139
692 2541 496
693 3973 1422
694 635 2227
695 726 4159
696 953 357
697 473 2646
698 3340 3447
699 884 3112
700 2662 2604
701 2543 826
702 2340 217
703 345 4175
704 2331 597
705 4295 1268
706 758 2014
707 3861 520
708 3293 4651
709 1877 2833
710 1991 280
711 636 3954
712 1599 4296
713 2742 1108
714 571 4938
715 2541 4977
716 802 4585
717 4801 84
718 610 4493
719 1441 1497
720 2764 2940
721 1305 736
722 2607 4874
723 4524 165
724 4350 2252
725 2531 2752
726 1705 1340
727 1987 3166
728 626 3303
729 4592 1080
730 2408 2548
731 2132 3485
732 4920 4562
733 4054 1932
734 3428 529
735 4820 495
736 2582 2544
737 3769 1124
738 2640 188
739 2439 4644
740 2395 1989
741 4681 1321
742 4487 4099
743 3753 3019
744 4099 1464
745 4011 4696
746 3180 1506
747 1067 1143
748 4426 3099
749 4979 1473
750 1967 2854
751 1749 4798
752 2273 4548
753 1087 517
754 160 4913
755 1901 4878
756 1198 2554
757 3004 2933
758 952 2036
759 3499 3108
760 4155 50
761 2907 3862
762 4 2335
763 1785 326
764 1798 4429
765 3634 1764
766 1561 116
767 1015 382
768 898 186
769 98 2101
770 3330 2409
771 1314 3350
772 2635 880
773 2915 4317
774 3776 3586
775 4987 2766
776 1627 2931
777 1617 2893
778 4570 1630
779 2410 4753
780 1516 1367
781 2834 2396
782 2777 4429
783 4614 3848
784 2301 27
785 3787 1063
786 764 630
787 1509 101
788 4417 3398
789 1983 776
790 3541 4545
791 3827 3321
792 2566 1519
793 4500 1795
794 1547 2135
795 4854 1909
796 4304 3063
797 3843 2687
798 1535 3433
799 4811 4808
800 870 3835
801 816 3597
802 3697 2985
803 1383 2325
804 4452 4466
805 362 4717
806 3038 4344
807 862 4188
808 982 603
809 4089 361
810 3621 3880
811 3294 3942
812 1629 2925
813 2709 2136
814 1943 3163
815 1997 3871
816 2467 4164
817 3501 2812
818 1488 2516
819 3333 1235
820 951 2291
821 1634 3694
822 2881 340
823 2294 2495
824 2855 214
825 445 1383
826 324 1476
827 752 3739
828 874 1952
829 1466 4812
830 3682 4169
831 4684 4814
832 3978 2500
833 15 4536
834 770 465
835 4108 3347
836 3392 3073
837 3412 741
838 4588 2624
839 2837 2058
840 3440 3794
841 1621 3282
842 3372 115
843 3419 2372
844 3535 597
845 4765 4884
846 4698 3568
847 1068 801
848 336 3675
849 491 2434
850 2133 2458
851 530 950
852 1691 524
853 3148 293
854 2350 2630
855 1423 2336
856 1969 2141
857 2256 3044
858 1767 340
859 937 2026
860 3261 1654
861 221 2053
862 4205 2958
863 2984 1288
864 3722 4541
865 1998 4827
866 2128 2206
867 2729 3879
868 4171 170
869 2799 2228
870 4564 1521
871 3661 4222
872 3617 2884
873 3224 2268
874 4293 383
875 2036 512
876 2564 2554
877 1863 3609
878 4896 1769
879 2661 1199
880 2377 4969
881 2174 1010
882 4888 4504
883 4674 1255
884 3482 4058
885 1930 3824
886 3045 4397
887 2281 1943
888 4210 3013
889 4748 1856
890 2367 4855
891 3760 3135
892 1743 1282
893 4402 1974
894 3172 1639
895 2959 3414
896 4423 1900
897 2756 1485
898 4091 662
899 1072 3781
900 2604 3924
901 3321 3001
902 4943 2001
903 13 1953
904 3808 505
905 359 4760
906 2895 2526
907 159 4118
908 1091 4637
909 2627 4561
910 2974 615
911 3866 1938
912 3422 3749
913 4410 1621
914 401 3864
915 2787 1833
916 4834 3005
917 1357 2459
918 4411 1128
919 1632 1369
920 1129 4570
921 3447 3342
922 2459 375
923 11 3606
924 3166 4902
925 1868 3990
926 927 2491
927 1239 733
928 3706 700
929 4563 2001
930 3833 458
931 3462 2349
932 4808 18
933 2498 1170
934 2539 570
935 140 4129
936 2471 19
937 393 3586
938 3543 1281
939 2534 1755
940 744 1708
941 551 4401
942 1486 3022
943 3721 1789
944 141 191
945 648 4635
946 1984 326
947 1695 462
948 1631 3143
949 64 4192
950 3321 521
951 539 1555
952 1493 2143
953 3423 931
954 2686 35
955 3095 2309
956 1709 4781
957 2803 3645
958 1785 4546
959 1088 1523
960 1158 1926
961 3603 1736
962 3549 4493
963 3987 297
964 841 1531
965 2052 4050
966 1957 513
967 2655 2590
968 4873 3449
969 3483 2429
970 1089 2558
971 2338 1577
972 221 2798
973 3695 140
974 3015 2006
975 283 4783
976 2870 524
977 16 237
978 1885 1418
979 4300 354
980 755 2725
981 3237 1351
982 293 2711
983 1159 2243
984 1024 165
985 2722 4642
986 2570 2112
987 1261 1411
988 2903 2791
989 1148 4956
990 1090 917
991 1440 2782
992 3018 3959
993 376 2807
994 4512 4902
995 3979 4675
996 2378 266
997 2977 3567
998 2162 2670
999 2834 4135
1000 128 4537
1001 3000 1907
1002 3317 2698
1003 1840 4261
1004 568 2571
1005 3487 2987
1006 768 3009
1007 1967 1278
1008 436 137
1009 38 3694
1010 4720 4947
1011 213 368
1012 3935 2097
1013 1118 4541
1014 3675 1096
1015 632 3951
1016 2209 3803
1017 2852 3631
1018 4243 526
1019 4448 4691
1020 2677 1162
1021 4170 2935
1022 564 4796
1023 4932 1136
1024 1181 2352
1025 2298 1321
1026 1689 901
1027 2997 3862
1028 3402 1975
1029 3070 4115
1030 4417 3429
1031 3583 53
1032 3683 1626
1033 3503 1434
1034 1124 4278
1035 1791 2950
1036 2236 152
1037 4947 961
1038 3448 2800
1039 1503 1230
1040 2550 4629
1041 529 3800
1042 4014 590
1043 2564 4877
1044 3991 3767
1045 2195 1985
1046 2037 4760
1047 1385 777
1048 2210 2072
1049 2701 1239
1050 540 4685
1051 4836 4491
1052 451 2776
1053 1927 4782
1054 2363 251
1055 4879 3429
1056 3580 1265
1057 1854 1759
1058 1635 3945
1059 2712 770
1060 4106 1978
1061 1737 1258
1062 2035 1143
1063 4566 4473
1064 711 596
1065 1633 2266
1066 3108 1250
1067 377 1468
1068 2602 3559
1069 161 2303
1070 2083 4964
1071 1228 39
1072 1797 2015
1073 959 4434
1074 1555 3431
1075 408 3670
1076 4928 660
1077 1802 3496
1078 2968 3314
1079 261 2719
1080 1336 30
1081 2632 1893
1082 4713 4444
1083 4354 3008
1084 1663 2314
1085 3629 4514
1086 4552 97
1087 2111 4857
1088 642 2700
1089 2482 3070
1090 3091 2196
1091 2855 2890
1092 2737 4370
1093 2683 1009
1094 3727 705
1095 734 4296
1096 1188 1415
1097 858 3365
1098 2725 2252
1099 4565 211
1100 4724 739
1101 835 3194
1102 4402 627
1103 3326 2946
1104 2367 1395
1105 3590 807
1106 48 457
1107 4827 2796
1108 3804 2785
1109 4841 3861
1110 3156 3883
1111 1649 574
1112 291 696
1113 2947 2506
1114 4068 4367
1115 105 3864
1116 3409 3791
1117 769 2291
1118 236 4162
1119 556 4094
1120 1252 2602
1121 4411 4145
1122 3292 2652
1123 436 589
1124 4449 3448
1125 3682 276
1126 2201 3957
1127 4652 330
1128 2835 3843
1129 4561 3950
1130 4165 1902
1131 2044 4665
1132 1956 2573
1133 1734 2812
1134 3257 3543
1135 2497 3641
1136 4137 860
1137 3511 3259
1138 3847 2429
1139 876 298
1140 1925 3295
1141 2251 4557
1142 4886 4126
1143 4320 3254
1144 3556 4072
1145 2325 3881
1146 4897 2720
1147 1645 4368
1148 3531 3204
1149 1747 4730
1150 3371 1787
1151 2646 595
1152 3853 3859
1153 1287 2509
1154 2806 2699
1155 2345 3514
1156 4422 4731
1157 208 948
1158 4201 659
1159 4730 879
1160 4759 4108
1161 3180 2054
1162 2773 1008
1163 4211 1176
1164 905 1303
1165 4441 2309
1166 2903 627
1167 4486 2087
1168 947 3107
1169 805 2124
1170 638 3752
1171 4834 4502
1172 449 1411
1173 2070 1393
1174 2272 1001
1175 109 3151
1176 1557 3382
1177 4389 3288
1178 4463 4329
1179 1984 4952
1180 2260 1719
1181 2346 1424
1182 4862 1515
1183 973 3183
1184 1658 808
1185 912 3130
1186 2631 2295
1187 58 745
1188 2138 3079
1189 4079 2127
1190 1629 761
1191 4142 4187
1192 3826 3185
1193 3866 4883
1194 4834 4640
1195 1359 849
1196 3624 3445
1197 1311 56
1198 4590 3486
1199 645 2284
1200 413 1247
1201 4894 1556
1202 2301 3043
1203 1121 4951
1204 3429 790
1205 1550 1551
1206 738 57
1207 3242 2043
1208 1925 915
1209 555 3459
1210 659 3110
1211 1555 3265
1212 3320 4282
1213 4119 4217
1214 1500 4261
1215 507 4764
1216 1319 3264
1217 1306 400
1218 1702 4971
1219 2112 3778
1220 329 130
1221 187 13
1222 2056 2418
1223 4684 4780
1224 4590 3980
1225 2090 238
1226 4854 248
1227 881 4996
1228 4212 4525
1229 3785 5000
1230 1115 712
1231 327 644
1232 1043 3785
1233 108 1633
1234 1762 4097
1235 4226 2219
1236 2232 3442
1237 2211 764
1238 1895 4287
1239 4618 1895
1240 3484 2836
1241 3083 3059
1242 3054 3338
1243 4214 316
1244 315 3618
1245 681 2999
1246 3642 2781
1247 1565 1007
1248 2639 1036
1249 132 3024
1250 243 753
1251 546 710
1252 2825 3826
1253 4464 2757
1254 1003 1072
1255 3907 4081
1256 3492 4486
1257 4175 1990
1258 3657 1545
1259 162 3389
1260 2739 3971
1261 3103 842
1262 1849 1380
1263 3767 1019
1264 4043 839
1265 2943 251
1266 960 4285
1267 4462 3489
1268 2597 136
1269 1207 3925
1270 4357 3599
1271 4436 114
1272 3455 2848
1273 745 4963
1274 4703 2111
1275 2433 2258
1276 4452 2441
1277 172 1887
1278 2905 1300
1279 3490 290
1280 540 1947
1281 2583 2785
1282 1273 2851
1283 2987 2044
1284 2320 3869
1285 3819 4193
1286 658 1677
1287 876 3254
1288 3216 464
1289 3926 1620
1290 3878 4270
1291 1710 2710
1292 4596 4681
1293 2332 3233
1294 3523 2501
1295 4447 821
1296 4957 414
1297 3265 2030
1298 425 1229
1299 1449 1251
1300 1795 2745
1301 773 1619
1302 4873 3805
1303 4268 1648
1304 4620 4440
1305 3710 3194
1306 2255 4849
1307 4529 1771
1308 1356 1851
1309 4351 1860
1310 4032 1230
1311 1643 149
1312 2178 3989
1313 1569 4907
1314 2509 3955
1315 1699 4370
1316 988 4304
1317 3108 2471
1318 470 2212
1319 3004 3727
1320 3272 1441
1321 1289 3065
1322 1187 527
1323 2377 817
1324 4028 2542
1325 123 3079
1326 3227 3060
1327 3400 1766
1328 3024 405
1329 4359 4968
1330 689 533
1331 1188 2409
1332 1231 1677
1333 240 4295
1334 4373 3052
1335 4493 3243
1336 1307 2645
1337 4523 781
1338 2950 2494
1339 1387 1899
1340 4977 3329
1341 1388 1510
1342 4627 3203
1343 4959 1139
1344 2459 2650
1345 3182 669
1346 4429 3147
1347 1175 721
1348 15 659
1349 63 1415
1350 4657 740
1351 4736 4555
1352 335 2316
1353 1161 4258
1354 2508 4636
1355 2965 2547
1356 4056 2484
1357 2038 704
1358 1843 34
1359 2684 3349
1360 369 4301
1361 2447 2217
1362 2938 1150
1363 3160 3622
1364 1388 4304
1365 43 3222
1366 2776 1044
1367 4711 4778
1368 387 4463
1369 4098 871
1370 3418 2894
1371 1729 2062
1372 4118 3825
1373 3859 3767
1374 3467 960
1375 260 2894
1376 110 187
1377 1336 4058
1378 4031 3047
1379 3703 4496
1380 2717 418
1381 2814 97
1382 4875 493
1383 1307 2524
1384 3395 261
1385 4507 404
1386 3818 3164
1387 3340 1235
1388 1353 2935
1389 3894 3550
1390 1443 4819
1391 6 505
1392 914 2905
1393 2303 2693
1394 2188 4945
1395 362 1005
1396 1102 1257
1397 1749 4527
1398 2051 2328
1399 3940 3055
1400 4810 1797
1401 1312 3446
1402 4681 3627
1403 2913 1003
1404 4553 1033
1405 2204 3158
1406 3662 2347
1407 251 3561
1408 1253 928
1409 872 2554
1410 3558 3441
1411 1049 2585
1412 2112 1011
1413 3338 4149
1414 3555 514
1415 3662 2278
1416 2075 3364
1417 3343 1325
1418 2327 1755
1419 4140 1255
1420 765 1879
1421 4226 1343
1422 4903 778
1423 1705 828
1424 3381 1155
1425 947 2576
1426 161 3291
1427 4301 1995
1428 1143 3624
1429 489 3991
1430 2620 4697
1431 4413 4150
1432 1826 4694
1433 1449 2755
1434 361 4152
1435 2383 588
1436 1930 1125
1437 1903 2960
1438 3787 3184
1439 4338 3607
1440 2535 2168
1441 1810 1637
1442 3631 4047
1443 2670 1110
1444 1452 1126
1445 2174 3158
1446 3659 4071
1447 3765 1586
1448 4340 484
1449 987 1565
1450 3504 1053
1451 2177 3369
1452 1328 433
1453 4968 431
1454 4038 1467
1455 3634 4305
1456 2293 1572
1457 618 1795
1458 4256 2276
1459 3401 4639
1460 4148 708
1461 4778 574
1462 2160 4158
1463 993 4894
1464 1458 2851
1465 3903 1979
1466 348 4961
1467 1745 2432
1468 2862 3027
1469 4493 1712
1470 2369 1899
1471 4822 4478
1472 1272 4661
1473 3288 1791
1474 2781 1880
1475 2587 1688
1476 3614 3280
1477 2437 2364
1478 3610 2125
1479 4975 3429
1480 1760 67
1481 28 230
1482 2661 3459
1483 1485 1772
1484 4836 1874
1485 125 2330
1486 3159 2204
1487 3216 4946
1488 3089 783
1489 2662 1504
1490 4543 869
1491 501 248
1492 3963 3156
1493 1632 2937
1494 2718 2572
1495 2639 2959
1496 3188 4477
1497 2935 4018
1498 2141 2200
1499 4073 771
1500 4452 3328
1501 1883 4197
1502 495 2611
1503 3393 99
1504 2954 3583
1505 803 1054
1506 2653 3848
1507 3356 2655
1508 592 1615
1509 539 4987
1510 2945 4661
1511 489 4529
1512 3546 2484
1513 1035 3423
1514 545 2038
1515 366 108
1516 656 4997
1517 2607 2248
1518 3698 1150
1519 1084 2351
1520 3404 3003
1521 1851 3239
1522 893 1056
1523 4022 206
1524 192 2836
1525 2496 912
1526 440 4489
1527 3324 2984
1528 2758 337
1529 3727 4359
1530 4466 3303
1531 4651 4092
1532 2691 121
1533 2623 3609
1534 959 1389
1535 4391 58
1536 3296 4362
1537 1769 1241
1538 2798 541
1539 3376 2142
1540 3054 4342
1541 3830 2224
1542 1559 4845
1543 1534 2153
1544 1511 4317
1545 3971 260
1546 4351 2328
1547 3801 4973
1548 3581 2041
1549 4781 2775
1550 2832 4539
1551 3900 4172
1552 1764 2480
1553 3020 2020
1554 513 4562
1555 255 2747
1556 4970 4918
1557 4763 4084
1558 2588 1529
1559 2197 1296
1560 1555 451
1561 4130 1167
1562 1139 2257
1563 4297 2930
1564 2056 4719
1565 609 430
1566 4601 4888
1567 3719 4508
1568 2879 2716
1569 3629 1738
1570 836 3391
1571 3309 3883
1572 4318 806
1573 3686 4423
1574 2070 3258
1575 3708 882
1576 3400 3624
1577 880 2837
1578 2119 890
1579 608 1528
1580 1957 4174
1581 413 1216
1582 2075 2909
1583 1977 4131
1584 2220 1305
1585 1047 1957
1586 840 3056
1587 213 707
1588 129 1509
1589 4766 3898
1590 1131 2198
1591 2173 3473
1592 2662 4530
1593 419 4404
1594 2284 1132
1595 1657 2378
1596 4945 592
1597 4853 2070
1598 2552 3371
1599 1027 1829
1600 3785 1124
1601 531 2073
1602 2780 976
1603 2485 2095
1604 992 4260
1605 2810 2250
1606 2075 3474
1607 3003 4982
1608 738 4736
1609 867 4773
1610 3502 3021
1611 3612 3875
1612 944 3446
1613 3168 4816
1614 1644 4848
1615 2323 4194
1616 2618 1781
1617 4108 4205
1618 1299 397
1619 1009 1592
1620 194 2290
1621 763 3818
1622 151 2268
1623 3355 117
1624 1241 888
1625 260 573
1626 4447 4742
1627 4539 224
1628 39 1743
1629 1590 2706
1630 3251 1683
1631 4815 264
1632 4468 868
1633 2617 3922
1634 1866 766
1635 4407 3625
1636 2442 2059
1637 4326 1521
1638 2989 2592
1639 4832 2680
1640 3252 4229
1641 3970 91
1642 314 2698
1643 792 4860
1644 3917 353
1645 3387 3733
1646 3996 2167
1647 4386 3201
1648 3474 4815
1649 580 2002
1650 1978 339
1651 2397 1338
1652 2858 4419
1653 3363 3074
1654 2105 846
1655 1426 3194
1656 4636 1708
1657 4406 1747
1658 1606 4950
1659 1654 1549
1660 282 1874
1661 4040 40
1662 4592 4277
1663 4092 4778
1664 3131 3065
1665 4756 1023
1666 2361 109
1667 4527 2152
1668 1578 1570
1669 2416 4241
1670 2434 3682
1671 390 193
1672 1940 2070
1673 3371 1147
1674 2695 4897
1675 1771 24
1676 1415 2976
1677 3605 2162
1678 1939 1006
1679 422 2696
1680 70 70
1681 178 177
1682 3681 2430
1683 4000 1056
1684 297 258
1685 3939 2767
1686 2959 4082
1687 2503 680
1688 1826 1250
1689 1147 2225
1690 2248 873
1691 3848 2917
1692 78 3662
1693 1019 2452
1694 1499 2017
1695 3438 1441
1696 1617 1569
1697 350 4967
1698 1022 297
1699 1906 4349
1700 3467 2670
1701 1752 2197
1702 2876 2778
1703 4027 606
1704 2831 1054
1705 1926 173
1706 3089 1430
1707 1444 773
1708 4577 4519
1709 2887 2462
1710 3902 2427
1711 3995 1324
1712 1290 1871
1713 3519 697
1714 1397 3663
1715 1333 425
1716 2621 4864
1717 2641 4436
1718 1393 1848
1719 2901 3019
1720 4544 4223
1721 2005 4826
1722 1951 3984
1723 3502 3448
1724 909 2879
1725 305 1388
1726 4063 1163
1727 3033 652
1728 1348 352
1729 367 2903
1730 3327 2744
1731 3959 3051
1732 3838 2299
1733 499 2951
1734 970 230
1735 805 3399
1736 4577 513
1737 848 2809
1738 1256 2879
1739 2109 4350
1740 737 2164
1741 4678 3765
1742 4416 1152
1743 2855 2710
1744 613 2115
1745 1211 3221
1746 1271 291
1747 3942 169
1748 4472 108
1749 1690 4440
1750 4190 441
1751 2305 2494
1752 1654 118
1753 4348 3152
1754 3853 2909
1755 1424 1456
1756 1573 942
1757 2093 1102
1758 163 2340
1759 4455 4947
1760 4520 2127
1761 3770 2017
1762 2185 790
1763 2250 2711
1764 3502 1656
1765 3448 291
1766 2784 4043
1767 513 2104
1768 1608 789
1769 3697 1212
1770 4020 1812
1771 2753 1472
1772 3925 592
1773 2931 1197
1774 1144 4088
1775 2566 3737
1776 753 663
1777 2804 1335
1778 397 4290
1779 2297 1405
1780 1695 3898
1781 4293 2097
1782 4200 830
1783 1618 1157
1784 2368 2159
1785 323 1666
1786 3138 1387
1787 1978 3075
1788 4272 2062
1789 2501 4909
1790 4997 1767
1791 3781 67
1792 1401 750
1793 39 2936
1794 4341 1798
1795 2047 2335
1796 4431 2387
1797 3217 2691
1798 3847 4983
1799 3493 1186
1800 2852 1215
1801 3953 3815
1802 3242 2341
1803 754 931
1804 2191 3865
1805 631 3255
1806 4673 2187
1807 4288 763
1808 3698 1073
1809 4222 4326
1810 1661 4390
1811 1777 2621
1812 311 2443
1813 2425 4993
1814 2530 510
1815 3076 2270
1816 1084 381
1817 2721 2028
1818 4310 4325
1819 3189 3475
1820 3081 1500
1821 39 171
1822 933 2753
1823 177 4326
1824 3652 983
1825 372 4399
1826 3371 1664
1827 458 2148
1828 3492 33
1829 542 4235
1830 1504 1022
1831 2754 3617
1832 1997 3939
1833 3264 1827
1834 1653 1306
1835 4158 2804
1836 4327 4733
1837 3837 4196
1838 3521 259
1839 2593 4013
1840 4763 3524
1841 1539 2965
1842 1464 3133
1843 3166 3349
1844 2583 1308
1845 2329 59
1846 28 438
1847 4376 1434
1848 3260 2024
1849 3329 3991
1850 3147 4912
1851 996 2486
1852 3033 2473
1853 4083 4832
1854 197 2906
1855 1429 1676
1856 4640 4959
1857 4444 4320
1858 2668 2455
1859 3762 3961
1860 371 1602
1861 2039 2442
1862 3876 398
1863 2421 1414
1864 1757 3487
1865 3399 2102
1866 939 4903
1867 2375 746
1868 1930 324
1869 3229 1457
1870 3132 2126
1871 3436 1009
1872 1680 4123
1873 1578 4231
1874 3191 4347
1875 948 1691
1876 4133 4914
1877 311 4338
1878 752 3008
1879 1494 4084
1880 2537 2508
1881 2410 1244
1882 1990 4827
1883 150 1136
1884 2592 3919
1885 2396 3378
1886 739 724
1887 1198 831
1888 1414 2418
1889 3117 2775
1890 4466 956
1891 869 416
1892 4754 4950
1893 2957 1180
1894 1615 1857
1895 716 802
1896 3398 4151
1897 3977 4477
1898 612 1739
1899 2009 4127
1900 3856 3203
1901 278 4404
1902 1586 4594
1903 2012 1476
1904 602 2999
1905 307 128
1906 543 1419
1907 1368 1175
1908 2354 1648
1909 3504 4324
1910 1478 3968
1911 4470 4219
1912 3695 1227
1913 2965 3447
1914 3925 4306
1915 3861 4973
1916 728 2780
1917 3726 4138
1918 1965 3665
1919 3016 737
1920 2216 2567
1921 3985 3322
1922 4496 4110
1923 758 353
1924 1028 3202
1925 3521 4261
1926 4832 3857
1927 83 2991
1928 2789 3526
1929 4184 3047
1930 4371 1713
1931 4492 3044
1932 3533 1450
1933 1467 3217
1934 305 498
1935 3064 4482
1936 4155 3872
1937 2982 3400
1938 3752 2
1939 3203 91
1940 703 1132
1941 4988 3076
1942 1066 534
1943 412 71
1944 4469 206
1945 1918 947
1946 3990 192
1947 2993 2761
1948 2330 3874
1949 4371 4459
1950 292 2634
1951 2858 3786
1952 3538 798
1953 800 2191
1954 2281 2289
1955 4772 354
1956 3429 4335
1957 1221 4760
1958 1182 846
1959 1051 2984
1960 3930 2002
1961 2193 4320
1962 2081 4271
1963 3144 1538
1964 2348 4410
1965 3395 3867
1966 4004 2640
1967 4789 2604
1968 4794 2541
1969 1182 588
1970 942 3426
1971 4113 953
1972 2064 722
1973 1568 333
1974 3316 3245
1975 247 3970
1976 3290 2245
1977 1515 3791
1978 328 1722
1979 1131 1010
1980 4876 2676
1981 1667 877
1982 3481 232
1983 2772 1455
1984 2043 4626
1985 4404 305
1986 1258 4336
1987 57 3516
1988 3848 4673
1989 2918 2976
1990 1946 3515
1991 759 3164
1992 1954 1587
1993 3308 3625
1994 4634 2282
1995 1309 790
1996 3018 862
1997 1093 2975
1998 4429 2850
1999 2476 216
2000 1873 2823
2001 2158 3231
2002 1746 4482
2003 4154 3567
2004 1542 593
2005 459 2071
2006 1586 4839
2007 1425 1217
2008 1193 3540
2009 2173 1084
2010 1873 2178
2011 3039 4833
2012 2807 1243
2013 4092 483
2014 2051 3587
2015 1410 2919
2016 1149 3923
2017 4756 4919
2018 3485 4246
2019 1190 3909
2020 980 1379
2021 1217 1648
2022 4216 2565
2023 2456 3994
2024 77 408
2025 2586 980
2026 812 3302
2027 896 1976
2028 3811 4970
2029 3557 4987
2030 4258 2213
2031 2487 1318
2032 1236 1758
2033 1004 2242
2034 1150 1073
2035 2451 2193
2036 3841 3481
2037 2398 19
2038 4012 3056
2039 4816 1205
2040 2185 441
2041 94 2401
2042 728 4348
2043 4318 989
2044 975 4538
2045 3102 2874
2046 4191 1584
2047 3342 588
2048 2829 1778
2049 4202 697
2050 2889 331
2051 3811 3004
2052 3023 3081
2053 1137 2560
2054 3765 3386
2055 178 2304
2056 1056 2301
2057 1648 271
2058 1259 1783
2059 2673 965
2060 3838 3586
2061 169 774
2062 1362 4380
2063 2510 4862
2064 558 4190
2065 4520 1711
2066 1067 3447
2067 2879 4683
2068 2242 4089
2069 3826 367
2070 2670 2358
2071 4658 4004
2072 626 3725
2073 508 1306
2074 2270 1885
2075 470 4532
2076 305 2460
2077 3191 1990
2078 1852 1666
2079 2208 2052
2080 3763 2409
2081 2207 3079
2082 2761 4829
2083 269 86
2084 452 1355
2085 3712 446
2086 801 3122
2087 1846 3370
2088 1027 1427
2089 4663 3705
2090 3236 3296
2091 2107 132
2092 2121 3541
2093 1558 1650
2094 3701 324
2095 2733 117
2096 3196 3815
2097 3643 1291
2098 1376 2308
2099 14 263
2100 2061 3180
2101 1301 78
2102 3447 2861
2103 639 4498
2104 4555 825
2105 472 301
2106 432 2790
2107 2682 2579
2108 580 3905
2109 4228 592
2110 708 4280
2111 3095 3312
2112 4603 255
2113 3915 3089
2114 4704 2330
2115 509 280
2116 357 1764
2117 976 3161
2118 4011 155
2119 979 1615
2120 1915 3565
2121 1354 1451
2122 381 3699
2123 3955 388
2124 979 960
2125 239 4534
2126 2846 3038
2127 4645 4685
2128 2774 3800
2129 1129 3559
2130 3838 3829
2131 592 2990
2132 1150 547
2133 701 2919
2134 4533 160
2135 3724 1680
2136 3130 2800
2137 1498 1430
2138 1817 3510
2139 821 1804
2140 1337 4147
2141 2184 1059
2142 2096 534
2143 4333 1828
2144 1738 1221
2145 49 1814
2146 4803 1928
2147 2474 1992
2148 4910 2304
2149 2464 4526
2150 1205 4443
2151 3594 2539
2152 320 686
2153 547 1443
2154 3246 3488
2155 2634 1367
2156 3778 4582
2157 116 1170
2158 4349 873
2159 2093 800
2160 2613 2439
2161 4366 2141
2162 4132 2415
2163 1071 3191
2164 2716 393
2165 1187 3534
2166 2424 273
2167 958 4780
2168 1222 4096
2169 2583 1505
2170 4223 819
2171 1753 1569
2172 4090 3000
2173 3872 3220
2174 4019 4790
2175 2228 2316
2176 4456 2984
2177 1750 2945
2178 1135 4939
2179 1684 2820
2180 2705 203
2181 475 2870
2182 2650 129
2183 4224 2784
2184 640 223
2185 2394 3158
2186 4726 4863
2187 4214 4146
2188 2365 167
2189 4957 4438
2190 1753 2735
2191 718 2184
2192 1481 2561
2193 3851 2468
2194 287 3967
2195 4169 534
2196 3404 2992
2197 4472 995
2198 3779 2405
2199 3979 47
2200 4556 4418
2201 4280 1372
2202 1869 634
2203 800 3494
2204 4283 585
2205 3320 756
2206 4292 1035
2207 3595 389
2208 4208 772
2209 1090 3798
2210 4331 4495
2211 3838 259
2212 2605 4086
2213 1490 4661
2214 1059 1383
2215 801 1821
2216 3192 614
2217 1247 1432
2218 1277 1413
2219 1997 2047
2220 4154 559
2221 2946 1668
2222 2057 3445
2223 568 2892
2224 1689 1264
2225 2110 3010
2226 4620 1020
2227 1457 2299
2228 1959 2224
2229 3607 4299
2230 1119 3017
2231 4983 759
2232 3542 662
2233 2074 1229
2234 4627 4819
2235 1729 4071
2236 738 3781
2237 3577 4674
2238 2566 4146
2239 410 497
2240 3506 4254
2241 1625 3871
2242 1170 3125
2243 348 4434
2244 3732 3128
2245 2497 306
2246 1064 4850
2247 511 2479
2248 59 958
2249 776 3937
2250 4359 4686
2251 3466 2504
2252 3530 1448
2253 594 2042
2254 2538 1095
2255 1700 2355
2256 1225 2395
2257 519 4677
2258 4110 3746
2259 3226 2219
2260 2524 4193
2261 4042 722
2262 4552 4940
2263 897 904
2264 1192 4610
2265 4295 3024
2266 1879 550
2267 1998 4112
2268 1154 1760
2269 2854 2591
2270 1297 43
2271 3790 906
2272 1934 3873
2273 2619 4308
2274 2878 2395
2275 1587 844
2276 2917 1754
2277 1693 1980
2278 2883 2468
2279 3429 3941
2280 3316 4075
2281 976 2724
2282 1835 1546
2283 3306 2973
2284 1915 4340
2285 735 2511
2286 3416 3211
2287 3436 4524
2288 183 1701
2289 4095 1054
2290 1897 3061
2291 4814 2033
2292 4012 4813
2293 3632 2858
2294 3150 1895
2295 2321 2060
2296 1135 2817
2297 4362 3296
2298 2621 4322
2299 13 2667
2300 178 887
2301 450 747
2302 1622 4945
2303 1646 3885
2304 4938 3157
2305 1217 2092
2306 4125 3186
2307 4350 2382
2308 1591 4488
2309 1382 2981
2310 1392 1092
2311 3908 54
2312 4702 2527
2313 1848 3269
2314 2288 3674
2315 4560 3212
2316 311 2465
2317 3761 9
2318 245 1932
2319 88 1758
2320 3850 1534
2321 4719 2656
2322 1389 4326
2323 3813 4068
2324 3400 2979
2325 4070 1547
2326 2952 4792
2327 3670 4329
2328 2598 4005
2329 2678 1869
2330 80 4885
2331 3701 3590
2332 4950 390
2333 3674 2461
2334 4219 195
2335 1728 113
2336 4121 4420
2337 97 1447
2338 1866 509
2339 4840 261
2340 1807 1618
2341 1409 261
2342 4590 1111
2343 115 1430
2344 3298 3539
2345 4775 2793
2346 1382 4729
2347 119 3475
2348 2287 1331
2349 2877 144
2350 256 2857
2351 3628 4605
2352 2403 728
2353 1237 76
2354 337 620
2355 2237 2428
2356 2688 3495
2357 4605 3645
2358 74 2277
2359 2167 4720
2360 3864 4723
2361 4452 1941
2362 1767 1597
2363 4279 922
2364 1065 406
2365 3262 2156
2366 3112 2672
2367 3400 3242
2368 3317 514
2369 1133 988
2370 3415 5
2371 3500 4722
2372 3366 1102
2373 4731 4456
2374 527 4792
2375 866 1897
2376 3838 4390
2377 2338 317
2378 2590 604
2379 1009 1617
2380 124 6
2381 2678 623
2382 216 4587
2383 1452 2429
2384 3416 4884
2385 4889 2584
2386 3657 1830
2387 4283 4740
2388 4195 2023
2389 3166 4013
2390 910 4722
2391 463 383
2392 2052 4747
2393 1702 2801
2394 769 4641
2395 4647 4063
2396 1037 2244
2397 1830 3676
2398 1104 2604
2399 2487 3281
2400 2216 4519
2401 2700 3727
2402 3466 873
2403 4247 1982
2404 995 2661
2405 2382 3764
2406 4146 3256
2407 4354 2844
2408 1996 1197
2409 2190 1055
2410 1469 2764
2411 1359 1836
2412 511 3857
2413 1460 3188
2414 1468 2966
2415 2484 3947
2416 2673 3684
2417 908 1535
2418 3516 1139
2419 151 154
2420 3917 4510
2421 2765 3884
2422 3079 3062
2423 611 3470
2424 4525 75
2425 4190 2800
2426 4635 2345
2427 1202 549
2428 3736 1497
2429 4462 2661
2430 2959 1556
2431 1591 3297
2432 4831 632
2433 3122 2498
2434 2651 4698
2435 560 4624
2436 3507 2919
2437 2332 4676
2438 3146 1585
2439 3011 2942
2440 741 2670
2441 1366 2201
2442 4101 1727
2443 4575 2567
2444 228 2836
2445 743 388
2446 3684 4538
2447 169 2333
2448 4830 4866
2449 4564 4642
2450 4265 3832
2451 1750 123
2452 1150 2771
2453 708 4082
2454 2023 4295
2455 3316 3718
2456 918 4116
2457 2194 4682
2458 2248 18
2459 4206 1769
2460 2156 3827
2461 3365 4948
2462 3633 2192
2463 2057 4885
2464 879 3462
2465 3646 2972
2466 4446 143
2467 4266 395
2468 828 596
2469 4890 4973
2470 3690 4203
2471 3318 3206
2472 2887 960
2473 2329 511
2474 3631 1486
2475 1665 2886
2476 4186 787
2477 2978 1381
2478 1265 2818
2479 2631 1386
2480 710 2143
2481 3638 1276
2482 3023 155
2483 2102 2903
2484 4227 3850
2485 3052 1992
2486 1549 4268
2487 227 2721
2488 4584 787
2489 2272 3908
2490 1793 3214
2491 352 288
2492 1668 2330
2493 147 4681
2494 1067 2933
2495 1427 2778
2496 405 3128
2497 3282 64
2498 4318 3427
2499 3629 1736
2500 79 3544
2501 2812 3032
2502 2105 1627
2503 2413 4390
2504 3297 1688
2505 1253 1036
2506 2676 1442
2507 3771 1605
2508 1285 4343
2509 2275 3918
2510 3047 3703
2511 1830 54
2512 117 3451
2513 3230 1464
2514 3199 787
2515 4330 1858
2516 4889 3277
2517 1255 2141
2518 1531 1993
2519 32 19
2520 2406 1179
2521 2620 1285
2522 4241 81
2523 4424 2743
2524 1660 1877
2525 1932 3050
2526 3103 1058
2527 860 3761
2528 1576 4572
2529 358 4089
2530 946 4774
2531 4402 1039
2532 4532 2187
2533 531 656
2534 674 2414
2535 3592 563
2536 3199 3080
2537 3160 2564
2538 306 3791
2539 667 2583
2540 1985 3317
2541 4374 2598
2542 2711 87
2543 1010 1585
2544 674 4286
2545 412 2719
2546 3758 2971
2547 1509 4813
2548 469 3289
2549 702 2040
2550 3954 2494
2551 1925 645
2552 4560 2152
2553 2294 85
2554 4019 4865
2555 4533 2960
2556 1910 1003
2557 2442 258
2558 1843 4620
2559 257 4803
2560 2522 2516
2561 1838 668
2562 1833 2631
2563 919 3347
2564 386 3653
2565 1146 2972
2566 4968 691
2567 2842 3071
2568 4507 4528
2569 744 1487
2570 4446 4877
2571 880 277
2572 1886 2707
2573 3678 4673
2574 4475 3728
2575 2595 287
2576 954 3348
2577 978 4433
2578 4131 4138
2579 2790 3248
2580 2571 4516
2581 206 288
2582 4710 2539
2583 3418 4399
2584 885 4216
2585 4092 513
2586 2141 1682
2587 741 1323
2588 2347 4027
2589 4106 4418
2590 1056 1822
2591 169 1701
2592 2485 2010
2593 2499 2499
2594 746 1615
2595 2482 289
2596 1928 3317
2597 2207 4039
2598 4789 1637
2599 2204 1976
2600 2488 2025
2601 58 2647
2602 3970 4629
2603 3655 798
2604 1568 2668
2605 4489 4112
2606 812 2623
2607 984 1010
2608 3508 4648
2609 2614 3483
2610 123 605
2611 3921 95
2612 485 3402
2613 38 2479
2614 4454 273
2615 2297 3593
2616 1239 1942
2617 2922 2355
2618 3152 1560
2619 4228 2928
2620 2039 1071
2621 3694 68
2622 2429 4203
2623 3850 1029
2624 4511 936
2625 2893 2816
2626 2910 985
2627 4386 3165
2628 644 4747
2629 19 775
2630 4367 1449
2631 4742 2316
2632 1022 1958
2633 4869 2663
2634 1942 525
2635 1596 4096
2636 516 3981
2637 3183 1641
2638 2669 2944
2639 232 3384
2640 1199 3532
2641 868 3124
2642 2640 461
2643 207 254
2644 1028 3283
2645 4732 225
2646 3892 1747
2647 3704 825
2648 3488 1265
2649 1790 4924
2650 372 429
2651 761 4737
2652 1377 887
2653 182 3943
2654 3679 397
2655 280 1765
2656 1240 4877
2657 337 1148
2658 2753 3880
2659 2162 1895
2660 2120 132
2661 1878 3245
2662 4070 2363
2663 3628 1933
2664 1857 3909
2665 689 1769
2666 1505 2228
2667 4466 1450
2668 1744 4233
2669 981 4647
2670 1412 1774
2671 1651 1261
2672 3760 2651
2673 1530 3339
2674 234 1512
2675 2995 44
2676 4640 3705
2677 2419 1225
2678 3157 61
2679 3969 2398
2680 4166 1365
2681 4944 1010
2682 2459 670
2683 4902 761
2684 1760 554
2685 2328 2235
2686 4847 4523
2687 3525 330
2688 20 3606
2689 1469 55
2690 1450 1605
2691 1661 4463
2692 687 2441
2693 2502 4080
2694 1477 196
2695 2912 1470
2696 3831 643
2697 2664 4208
2698 4968 2641
2699 3195 3918
2700 1152 3079
2701 2601 1874
2702 2203 998
2703 4603 1126
2704 2532 3574
2705 179 2423
2706 3237 3981
2707 1421 1839
2708 918 3924
2709 471 3922
2710 1744 3747
2711 741 4734
2712 3941 1926
2713 4567 3404
2714 2321 261
2715 3339 4113
2716 986 4824
2717 821 940
2718 3417 4540
2719 3113 1775
2720 4197 948
2721 4928 3291
2722 1482 3786
2723 4061 2700
2724 2974 3751
2725 2497 4531
2726 616 1069
2727 2994 3237
2728 2993 4557
2729 1169 3912
2730 3024 1665
2731 1489 859
2732 3150 4009
2733 4900 2309
2734 436 1566
2735 2513 4365
2736 2655 984
2737 4769 3792
2738 2844 488
2739 4239 3829
2740 4711 817
2741 3237 1735
2742 1324 327
2743 1235 2582
2744 1494 4316
2745 980 2403
2746 3261 4517
2747 4878 2468
2748 1129 2763
2749 4328 4777
2750 4141 1564
2751 3899 1841
2752 632 3148
2753 3635 3668
2754 2496 3475
2755 643 4225
2756 960 3559
2757 3885 231
2758 2813 3635
2759 2950 119
2760 3873 658
2761 174 281
2762 4101 3485
2763 1247 1403
2764 2532 1581
2765 4496 575
2766 3767 3024
2767 2523 3394
2768 2061 4398
2769 4225 1158
2770 382 909
2771 4467 1219
2772 1450 2693
2773 1327 4703
2774 1173 614
2775 1271 628
2776 2261 45
2777 3529 2796
2778 551 1361
2779 2941 1128
2780 3054 3082
2781 1105 3788
2782 2181 1820
2783 2569 3628
2784 1137 594
2785 2854 3145
2786 4364 2870
2787 1915 3672
2788 3374 2165
2789 4130 4593
2790 221 4546
2791 942 1752
2792 899 2481
2793 193 822
2794 1949 1449
2795 4530 4485
2796 3272 2
2797 3173 1987
2798 1966 1804
2799 2397 742
2800 3886 4454
2801 3675 250
2802 273 4601
2803 1765 589
2804 182 3646
2805 4543 894
2806 3997 1754
2807 586 484
2808 2658 4896
2809 1344 778
2810 262 4606
2811 960 2226
2812 564 4885
2813 1688 4132
2814 1225 2529
2815 3334 437
2816 2038 111
2817 4711 2008
2818 2597 2311
2819 2308 2828
2820 73 4130
2821 2235 3203
2822 38 4070
2823 3965 2820
2824 4949 2695
2825 3653 308
2826 2533 1562
2827 1446 4612
2828 95 3096
2829 1976 4485
2830 4921 1320
2831 1430 309
2832 3669 1959
2833 621 2492
2834 319 1265
2835 1746 2928
2836 1130 392
2837 813 3980
2838 3151 1168
2839 3862 4777
2840 84 3099
2841 4660 3866
2842 3477 3969
2843 3416 1105
2844 1941 4924
2845 1243 1744
2846 3404 1862
2847 3820 4024
2848 2867 2072
2849 4688 4440
2850 3719 3186
2851 4929 1433
2852 1764 4849
2853 2368 741
2854 1869 4914
2855 4364 2581
2856 1447 3304
2857 2272 4023
2858 1479 1275
2859 1198 2040
2860 3783 3420
2861 1633 2440
2862 2815 3538
2863 610 452
2864 1243 682
2865 219 297
2866 3082 1313
2867 2513 1499
2868 3591 4845
2869 1111 4880
2870 3813 459
2871 114 1826
2872 849 1611
2873 2885 2386
2874 777 3679
2875 3450 4083
2876 2874 911
2877 4448 82
2878 1885 2041
2879 4074 57
2880 354 4479
2881 792 4292
2882 2142 4787
2883 983 3304
2884 4536 732
2885 2542 3445
2886 271 3348
2887 4958 2655
2888 1392 2471
2889 1149 4194
2890 3276 3520
2891 4430 4599
2892 4680 2502
2893 894 3878
2894 286 2917
2895 2395 4967
2896 4258 1991
2897 1777 3186
2898 1490 2751
2899 4834 2760
2900 1204 2377
2901 724 3727
2902 2733 1474
2903 3944 2033
2904 1226 4125
2905 2644 1445
2906 2395 854
2907 4707 3426
2908 3655 3426
2909 1342 600
2910 566 3940
2911 931 3737
2912 1922 1175
2913 3925 4059
2914 3170 4763
2915 2139 110
2916 3836 4374
2917 2199 4214
2918 1246 1568
2919 2044 2495
2920 291 3824
2921 1029 4688
2922 4465 2685
2923 1110 735
2924 2686 3119
2925 2058 2452
2926 1188 4603
2927 777 4340
2928 3399 4461
2929 4224 1053
2930 1162 2920
2931 2293 1362
2932 576 1349
2933 2916 844
2934 4690 3173
2935 3348 4960
2936 999 4980
2937 4016 4376
2938 1462 463
2939 4933 125
2940 3928 4147
2941 3749 1990
2942 2682 1467
2943 928 877
2944 3281 2432
2945 351 151
2946 2864 794
2947 2142 3996
2948 1191 4791
2949 4316 1410
2950 1369 880
2951 2211 2663
2952 3391 3719
2953 4181 1226
2954 2702 4852
2955 3999 4113
2956 2454 2982
2957 4448 4099
2958 1328 1487
2959 3918 375
2960 1877 4608
2961 402 621
2962 4616 1093
2963 883 3895
2964 304 806
2965 3037 1550
2966 4213 3024
2967 1742 1599
2968 4176 2603
2969 3806 2274
2970 2738 3229
2971 1210 2804
2972 3255 192
2973 1678 658
2974 2384 4582
2975 541 1948
2976 2568 4261
2977 353 2294
2978 2541 3535
2979 692 2587
2980 4137 2844
2981 868 3728
2982 326 4701
2983 3655 3961
2984 1235 853
2985 4081 2460
2986 1616 3972
2987 515 291
2988 2300 1222
2989 2155 3545
2990 492 4683
2991 3943 2695
2992 1341 4411
2993 2945 647
2994 4586 3881
2995 3076 3636
2996 3715 74
2997 4774 3943
2998 4256 392
2999 1244 3428
3000 2239 490
3001 4461 324
3002 1966 3854
3003 1427 1328
3004 4872 4265
3005 3948 3581
3006 1276 363
3007 4773 4242
3008 1241 3968
3009 2848 4069
3010 2704 826
3011 899 923
3012 1218 2770
3013 3161 2024
3014 1803 473
3015 2314 756
3016 1079 4041
3017 4247 3126
3018 4453 4397
3019 3661 673
3020 4254 4324
3021 1038 2608
3022 3202 1881
3023 848 2162
3024 1230 4442
3025 267 47
3026 2321 285
3027 3054 2517
3028 4540 4890
3029 1714 2566
3030 3321 1342
3031 382 4027
3032 3505 752
3033 148 980
3034 1653 2957
3035 3633 3808
3036 2768 2258
3037 490 4670
3038 1832 969
3039 410 1337
3040 2735 3061
3041 4698 2028
3042 4544 55
3043 4945 2751
3044 1669 4083
3045 424 1658
3046 2037 4989
3047 2092 2157
3048 3137 541
3049 3497 2239
3050 2399 1141
3051 3398 2129
3052 3151 166
3053 1134 239
3054 2927 4982
3055 4394 2895
3056 4922 661
3057 2067 4091
3058 3194 4465
3059 4899 2011
3060 21 4862
3061 1202 322
3062 3830 3409
3063 3949 3294
3064 532 1966
3065 4458 3797
3066 2278 2930
3067 4447 4207
3068 4445 428
3069 1761 1932
3070 4826 2371
3071 3031 1154
3072 245 1099
3073 1915 1450
3074 4812 4790
3075 4651 1813
3076 3486 4832
3077 3240 2204
3078 497 2316
3079 633 3540
3080 2337 2381
3081 1662 1443
3082 649 4614
3083 1393 1109
3084 4392 94
3085 3816 3153
3086 4306 4218
3087 1668 3199
3088 4648 902
3089 691 4935
3090 1747 4459
3091 643 1693
3092 3897 1585
3093 252 234
3094 3774 745
3095 3125 2236
3096 3678 1110
3097 2075 4787
3098 2247 4327
3099 772 3467
3100 1619 2990
3101 3559 4587
3102 4137 924
3103 3178 227
3104 161 3784
3105 4595 3868
3106 1913 3259
3107 4843 237
3108 470 809
3109 1553 1446
3110 3682 4243
3111 1704 1030
3112 2168 2359
3113 3037 3778
3114 3596 766
3115 3755 3808
3116 4747 214
3117 2490 2314
3118 2540 3883
3119 4019 667
3120 886 4052
3121 2310 3613
3122 201 4150
3123 4958 3505
3124 4950 670
3125 1265 2863
3126 3892 3631
3127 2342 4320
3128 4450 2411
3129 3176 378
3130 538 3045
3131 4611 1930
3132 4243 1636
3133 1870 2100
3134 4118 3134
3135 2185 888
3136 852 1355
3137 505 847
3138 4351 1052
3139 3074 1814
3140 4676 652
3141 635 4338
3142 3657 4919
3143 2329 2976
3144 4705 3106
3145 2503 504
3146 3786 242
3147 1877 2113
3148 4212 3028
3149 2514 99
3150 986 4681
3151 2387 4698
3152 1896 3190
3153 4241 2891
3154 1057 1246
3155 1898 2314
3156 3003 2084
3157 2003 2532
3158 1859 1660
3159 1117 683
3160 2539 1563
3161 1805 3619
3162 731 1324
3163 703 33
3164 1483 1294
3165 2326 3216
3166 4266 2469
3167 658 1065
3168 307 1161
3169 2407 1250
3170 4916 1363
3171 3447 656
3172 4539 2918
3173 4577 1801
3174 2483 1397
3175 4311 2046
3176 2016 21
3177 1344 2467
3178 3852 4099
3179 1744 2047
3180 262 334
3181 2802 422
3182 1486 879
3183 2040 4811
3184 2413 1792
3185 3155 798
3186 1453 2328
3187 245 1601
3188 3401 2343
3189 91 1174
3190 4571 2235
3191 2256 4401
3192 1868 1586
3193 684 4951
3194 1997 719
3195 1052 3780
3196 4201 3611
3197 4489 206
3198 1368 686
3199 2477 2880
3200 3677 3780
3201 2459 1983
3202 4935 129
3203 3823 2704
3204 229 4687
3205 1922 3913
3206 3314 4799
3207 2736 4177
3208 479 181
3209 899 4772
3210 3551 2476
3211 2438 3302
3212 3507 2751
3213 4788 3278
3214 1158 1227
3215 6 3616
3216 599 4834
3217 1315 3817
3218 1520 533
3219 220 137
3220 4050 3100
3221 4250 3493
3222 4021 2363
3223 3895 1985
3224 1756 4499
3225 3326 1145
3226 4446 1658
3227 4408 763
3228 393 4305
3229 531 547
3230 4163 1550
3231 2735 1888
3232 704 4761
3233 1645 4049
3234 538 3575
3235 1674 3216
3236 1708 939
3237 4653 923
3238 4260 728
3239 227 3547
3240 1043 1015
3241 4025 3552
3242 667 488
3243 1144 4784
3244 331 1059
3245 3960 1674
3246 4914 4493
3247 605 1694
3248 2095 617
3249 4192 2249
3250 1817 2632
3251 3570 2217
3252 4492 3524
3253 604 4574
3254 3120 3751
3255 1117 2182
3256 2085 514
3257 1001 141
3258 4925 2751
3259 161 3497
3260 1522 255
3261 1099 4120
3262 2166 1435
3263 2052 1703
3264 303 4260
3265 3243 2595
3266 4811 2119
3267 1995 3164
3268 2737 654
3269 4404 2598
3270 4779 2208
3271 2721 521
3272 2013 1863
3273 966 73
3274 3569 1937
3275 3543 1126
3276 1598 1443
3277 2877 4641
3278 2695 3763
3279 4374 1280
3280 226 2998
3281 1468 3968
3282 2131 1389
3283 2042 3462
3284 2411 1219
3285 3426 1446
3286 3318 3541
3287 404 2498
3288 2570 330
3289 2267 2721
3290 198 2491
3291 3933 809
3292 1802 3147
3293 3261 3161
3294 4441 4496
3295 3845 2634
3296 1601 1018
3297 2406 313
3298 126 83
3299 1301 4448
3300 2245 2537
3301 1077 1078
3302 3575 562
3303 891 2832
3304 1904 1145
3305 4987 4509
3306 1670 2102
3307 1600 3919
3308 2079 3471
3309 2966 4861
3310 3846 2871
3311 3889 1811
3312 2123 447
3313 1881 2646
3314 2093 3600
3315 2488 3182
3316 611 689
3317 1250 4917
3318 2748 4186
3319 1682 3493
3320 4353 1004
3321 4457 1668
3322 1938 1022
3323 4492 1056
3324 916 4016
3325 3239 2458
3326 4268 4762
3327 1560 3479
3328 1124 2742
3329 2693 3440
3330 2973 4569
3331 257 181
3332 97 4936
3333 4121 2859
3334 2703 4196
3335 199 802
3336 3821 2055
3337 3077 4655
3338 2063 758
3339 4773 2568
3340 1377 2978
3341 4091 4363
3342 2841 1996
3343 1089 2002
3344 1794 317
3345 4885 3782
3346 3962 4766
3347 4701 1493
3348 703 4058
3349 4605 173
3350 2326 3405
3351 460 4804
3352 810 1146
3353 1903 4888
3354 2455 2872
3355 2202 3028
3356 3742 184
3357 2179 2644
3358 4646 1583
3359 3251 3268
3360 2049 1439
3361 2556 3135
3362 979 2362
3363 2771 3609
3364 3781 1682
3365 1438 2375
3366 3530 1107
3367 3604 1897
3368 3136 4340
3369 3563 1859
3370 4886 591
3371 2126 2116
3372 4760 3627
3373 1561 4304
3374 3923 4405
3375 843 4811
3376 4297 971
3377 4684 3398
3378 2006 1628
3379 3309 2454
3380 4829 2139
3381 4597 4746
3382 2995 4710
3383 4049 3200
3384 58 1130
3385 3072 3964
3386 1079 1295
3387 1274 197
3388 853 2190
3389 1594 2834
3390 3997 4775
3391 2098 3788
3392 3538 4645
3393 1272 1781
3394 4235 1895
3395 4033 4580
3396 678 415
3397 124 3629
3398 3181 24
3399 2505 525
3400 4488 4590
3401 885 577
3402 2125 1918
3403 4108 2158
3404 1343 2977
3405 4104 2053
3406 841 1691
3407 1336 1201
3408 2981 4378
3409 1272 2607
3410 3539 3567
3411 3981 1657
3412 1637 568
3413 591 457
3414 981 1169
3415 759 3095
3416 23 1820
3417 89 2995
3418 1504 2148
3419 1476 4196
3420 2601 4198
3421 889 579
3422 3131 4793
3423 4170 2224
3424 1182 2464
3425 1030 1793
3426 4801 4720
3427 287 11
3428 467 2790
3429 3958 2229
3430 324 2799
3431 4618 4716
3432 4062 1698
3433 197 4706
3434 254 565
3435 4763 1673
3436 3603 4206
3437 3998 651
3438 4226 3086
3439 549 4519
3440 2663 407
3441 1479 1578
3442 2940 2464
3443 253 3117
3444 346 4758
3445 2556 562
3446 278 2021
3447 3718 3525
3448 4583 691
3449 1256 3915
3450 1939 1188
3451 393 1018
3452 3020 1893
3453 4978 742
3454 260 3597
3455 4003 526
3456 3456 4274
3457 1737 1833
3458 4950 1395
3459 2505 3341
3460 3903 295
3461 2315 60
3462 4937 532
3463 1222 2384
3464 1298 871
3465 2058 3829
3466 1198 4588
3467 1481 3802
3468 895 569
3469 4165 1458
3470 3336 1154
3471 427 4520
3472 1352 1791
3473 4537 3516
3474 3208 2653
3475 2947 2041
3476 3453 3462
3477 345 1613
3478 3997 3389
3479 611 2919
3480 1747 1646
3481 1234 4020
3482 2821 4297
3483 4865 4066
3484 523 67
3485 1220 4030
3486 3549 210
3487 3352 2998
3488 2865 1252
3489 3905 2889
3490 4929 1073
3491 886 3203
3492 4816 4733
3493 4473 1231
3494 4149 164
3495 3161 83
3496 4102 2247
3497 1543 746
3498 4811 3274
3499 3340 1408
3500 437 1686
3501 1895 911
3502 261 337
3503 2940 247
3504 4487 3125
3505 549 1844
3506 1399 767
3507 500 1435
3508 4017 1214
3509 2729 4972
3510 1407 3165
3511 411 889
3512 1635 508
3513 134 3306
3514 4713 1445
3515 4482 3473
3516 736 1501
3517 3189 1377
3518 2975 996
3519 472 1128
3520 4324 2461
3521 3227 1021
3522 3807 2074
3523 3287 3726
3524 50 2823
3525 2339 2367
3526 4607 1456
3527 3315 4101
3528 2406 2593
3529 390 3448
3530 3273 3470
3531 1322 4871
3532 1247 4008
3533 1355 4510
3534 1990 4221
3535 3033 1826
3536 4198 2665
3537 4738 1260
3538 4985 4356
3539 3530 4376
3540 3094 34
3541 2841 868
3542 1321 2700
3543 293 1156
3544 4603 3726
3545 3548 2034
3546 1904 4227
3547 3234 4869
3548 731 4503
3549 75 940
3550 4118 2720
3551 1736 3108
3552 4367 3315
3553 4023 1473
3554 2200 703
3555 2089 2552
3556 4772 293
3557 2992 4929
3558 2436 1092
3559 1169 4636
3560 1669 2039
3561 1265 4716
3562 937 3573
3563 4427 851
3564 3142 1667
3565 738 4501
3566 2608 2259
3567 1926 2473
3568 3945 3326
3569 4029 948
3570 4851 1144
3571 1436 1117
3572 2397 4622
3573 713 779
3574 415 4833
3575 3223 1882
3576 2949 3435
3577 3359 839
3578 3041 3885
3579 1903 2785
3580 2286 1183
3581 4793 2640
3582 112 1245
3583 4571 1718
3584 4017 408
3585 2903 3599
3586 1067 3868
3587 4841 690
3588 1469 4815
3589 4647 554
3590 3787 3235
3591 1669 4221
3592 60 3087
3593 3324 28
3594 4164 4452
3595 634 226
3596 2866 1449
3597 2694 427
3598 3496 2977
3599 3385 2264
3600 2214 3865
3601 2732 2639
3602 3329 3280
3603 4446 2572
3604 4477 4797
3605 3031 445
3606 4665 4615
3607 4054 1051
3608 2430 1076
3609 528 2377
3610 3954 1594
3611 4394 2513
3612 4291 1819
3613 1148 2087
3614 702 2787
3615 1651 884
3616 3522 2915
3617 2546 734
3618 4657 1850
3619 1646 3344
3620 3788 486
3621 1452 1028
3622 3431 3452
3623 880 505
3624 4233 2212
3625 3805 2759
3626 271 3187
3627 5 4551
3628 1637 4562
3629 3700 2504
3630 3387 3691
3631 2957 1702
3632 3787 1909
3633 110 1855
3634 198 4795
3635 280 3108
3636 487 3985
3637 3788 3084
3638 4940 3917
3639 1129 1019
3640 3777 4173
3641 2359 1285
3642 835 4048
3643 4961 3715
3644 2571 3824
3645 3866 12
3646 3065 957
3647 4217 1822
3648 28 3203
3649 2997 4327
3650 3786 1577
3651 1913 4629
3652 2712 4272
3653 4541 701
3654 3071 4003
3655 3175 2021
3656 3305 1848
3657 2247 1885
3658 1952 492
3659 667 2207
3660 3570 4522
3661 1830 4532
3662 2705 1634
3663 4836 1047
3664 1725 2733
3665 4309 4184
3666 3812 510
3667 1133 1222
3668 3274 2875
3669 1878 673
3670 2693 1344
3671 4543 1404
3672 3289 998
3673 2841 1789
3674 3995 1592
3675 1113 3507
3676 4390 3916
3677 549 2942
3678 340 2094
3679 1178 1736
3680 920 3416
3681 277 487
3682 3060 1083
3683 3958 1410
3684 2082 2685
3685 4028 2187
3686 3590 1127
3687 3476 4923
3688 1711 1878
3689 3469 1316
3690 1174 2058
3691 973 933
3692 227 563
3693 4008 2874
3694 4609 1918
3695 334 186
3696 2024 1880
3697 4315 1962
3698 3371 83
3699 2767 3272
3700 1810 1805
3701 2931 3146
3702 3068 399
3703 3629 1406
3704 4073 4779
3705 3188 3449
3706 4382 246
3707 2160 4160
3708 3385 960
3709 2877 1167
3710 1352 4346
3711 1225 3210
3712 172 3375
3713 3457 539
3714 162 4894
3715 3050 2575
3716 2073 1971
3717 3722 980
3718 3737 1492
3719 2622 2350
3720 798 2809
3721 4406 809
3722 4969 1531
3723 2490 1565
3724 2732 3353
3725 2698 367
3726 4928 4083
3727 3810 275
3728 2165 1451
3729 2697 3618
3730 1193 3679
3731 2001 746
3732 1726 4617
3733 1108 722
3734 4423 1814
3735 975 3730
3736 4538 221
3737 3103 380
3738 3297 858
3739 563 593
3740 959 1028
3741 1462 3260
3742 4886 2238
3743 3689 271
3744 241 3403
3745 2081 1385
3746 2130 1433
3747 2401 4081
3748 1155 207
3749 3373 3508
3750 2237 577
3751 2149 4347
3752 1078 1775
3753 2632 252
3754 2196 4374
3755 401 3194
3756 2806 4506
3757 1743 3215
3758 4837 4043
3759 2445 1783
3760 4519 77
3761 2861 4525
3762 4958 3001
3763 3207 261
3764 3769 1112
3765 3040 2931
3766 2277 2357
3767 4131 189
3768 1792 3355
3769 2728 3115
3770 2660 339
3771 4844 4481
3772 4047 1817
3773 860 1586
3774 4721 3883
3775 312 3304
3776 4181 4239
3777 2239 3172
3778 4785 490
3779 1601 1798
3780 4728 4905
3781 2261 992
3782 2532 2005
3783 1711 1392
3784 858 675
3785 1013 790
3786 270 3517
3787 1686 856
3788 3794 4316
3789 4551 2545
3790 2200 3514
3791 4104 4862
3792 3033 2732
3793 3221 1343
3794 4492 4169
3795 4073 1173
3796 3517 4219
3797 2575 1334
3798 4077 1048
3799 1723 637
3800 1427 4934
3801 4802 2735
3802 4943 1696
3803 2364 1487
3804 383 88
3805 3601 1914
3806 1775 3935
3807 3018 4056
3808 1750 1159
3809 328 1239
3810 3763 1241
3811 460 752
3812 2085 2279
3813 4679 4386
3814 23 1161
3815 2446 1401
3816 487 1449
3817 4496 2248
3818 86 1781
3819 1868 1859
3820 124 1821
3821 2107 1820
3822 876 1898
3823 4409 124
3824 2714 2625
3825 3866 1088
3826 1839 1477
3827 107 677
3828 1414 3924
3829 1436 4785
3830 2537 1436
3831 4236 3882
3832 2481 4376
3833 1156 3732
3834 1942 3918
3835 738 3024
3836 1195 2066
3837 3963 4196
3838 4320 2070
3839 1047 4723
3840 810 2033
3841 4861 1264
3842 1940 2649
3843 2924 4968
3844 1104 3353
3845 1141 4359
3846 3240 3641
3847 4368 376
3848 4107 720
3849 4638 523
3850 4898 1049
3851 4466 1727
3852 923 2445
3853 4514 3428
3854 4503 1594
3855 3626 1912
3856 3175 312
3857 4312 4839
3858 1158 114
3859 4819 2235
3860 1594 3613
3861 3605 2311
3862 2686 1185
3863 3257 2972
3864 4847 3145
3865 545 2894
3866 972 4744
3867 3540 10
3868 4789 3246
3869 4839 3054
3870 4965 4291
3871 955 4817
3872 4655 4492
3873 4605 266
3874 2501 2164
3875 776 775
3876 3085 446
3877 1630 4381
3878 2352 2123
3879 267 4886
3880 4131 2198
3881 3294 2163
3882 2172 1455
3883 4700 1833
3884 1238 3312
3885 2603 4539
3886 707 2555
3887 2046 4909
3888 174 1713
3889 3876 3002
3890 129 4026
3891 4471 1003
3892 383 4565
3893 1687 1101
3894 2338 4087
3895 2636 3305
3896 467 1469
3897 2923 2281
3898 466 3990
3899 2302 3974
3900 4864 3055
3901 609 1256
3902 1164 570
3903 2282 4006
3904 3360 2689
3905 1715 2509
3906 4864 4840
3907 4404 1185
3908 3637 246
3909 684 1091
3910 747 975
3911 3795 4672
3912 1952 1214
3913 1555 3069
3914 3394 3769
3915 1824 3856
3916 1463 3258
3917 179 3784
3918 4142 3978
3919 1667 3813
3920 1321 2501
3921 2340 3381
3922 917 1184
3923 2782 3095
3924 4185 906
3925 1880 4817
3926 4488 4932
3927 2497 2026
3928 1446 2792
3929 1560 4051
3930 4259 4839
3931 3096 3383
3932 2167 2073
3933 1051 3275
3934 2087 1308
3935 160 4069
3936 3801 4759
3937 2295 3851
3938 1945 4717
3939 1974 1428
3940 1244 2482
3941 3765 3853
3942 2230 732
3943 3523 2613
3944 1663 3675
3945 3514 82
3946 4817 2273
3947 4346 1609
3948 1235 3335
3949 994 1748
3950 816 4673
3951 4432 1153
3952 1355 4616
3953 684 3078
3954 4505 3299
3955 2132 2658
3956 2862 748
3957 2831 896
3958 4860 92
3959 118 2705
3960 4139 1523
3961 147 3631
3962 1592 3955
3963 3641 844
3964 2591 4178
3965 3851 4634
3966 2138 3406
3967 4373 4634
3968 2711 3492
3969 3142 1409
3970 418 3567
3971 666 1626
3972 3873 4631
3973 1074 3497
3974 1201 3733
3975 1607 1192
3976 1174 1691
3977 1997 1753
3978 2597 2765
3979 3295 637
3980 270 187
3981 4945 2145
3982 3130 2407
3983 2250 669
3984 3429 840
3985 4406 1744
3986 3369 3846
3987 4829 71
3988 4919 3593
3989 2325 902
3990 2093 2472
3991 4162 3931
3992 684 4619
3993 3735 1159
3994 1795 4632
3995 4818 2029
3996 4173 3417
3997 2175 1114
3998 3135 3654
3999 4493 777
4000 3872 1563
4001 1761 250
4002 1673 3592
4003 2184 1589
4004 2490 2943
4005 414 4509
4006 3439 935
4007 1905 928
4008 3438 474
4009 105 639
4010 2668 1584
4011 1352 1275
4012 3740 3192
4013 1846 3527
4014 655 1874
4015 3437 2690
4016 4292 4526
4017 3117 197
4018 3137 964
4019 258 300
4020 4808 1978
4021 2912 2024
4022 2951 4599
4023 72 4816
4024 1807 2740
4025 4323 1529
4026 4155 4474
4027 4017 2027
4028 553 2894
4029 4768 862
4030 4904 1207
4031 732 3204
4032 4752 4195
4033 1510 3848
4034 499 4240
4035 1217 1767
4036 3790 307
4037 1257 481
4038 1648 3092
4039 2183 2680
4040 4208 3454
4041 4279 2858
4042 4884 3362
4043 1256 3296
4044 509 1788
4045 2994 2375
4046 1930 412
4047 4606 77
4048 276 1681
4049 2272 2467
4050 4234 774
4051 2432 3488
4052 320 4375
4053 3819 3688
4054 1368 1968
4055 1773 2353
4056 210 575
4057 289 1052
4058 699 93
4059 1880 2896
4060 270 1207
4061 1619 1225
4062 2653 2199
4063 231 2576
4064 43 2928
4065 3702 2502
4066 2341 628
4067 1354 2485
4068 1173 2661
4069 980 1524
4070 3877 2540
4071 4466 2752
4072 155 4086
4073 531 1106
4074 4001 853
4075 2060 3762
4076 1339 4270
4077 1468 30
4078 3957 3991
4079 1919 3050
4080 551 351
4081 978 1972
4082 4456 2892
4083 1904 3684
4084 207 1980
4085 871 2883
4086 634 4083
4087 4521 1689
4088 2794 789
4089 2993 1403
4090 164 3147
4091 3768 52
4092 1433 1502
4093 1845 236
4094 4637 390
4095 740 3763
4096 2086 188
4097 4431 3070
4098 1753 2893
4099 4873 1334
4100 4216 3311
4101 3746 2095
4102 3783 1201
4103 3341 4618
4104 1020 2929
4105 1075 1334
4106 2737 2535
4107 389 4842
4108 1429 4170
4109 911 2233
4110 2347 1066
4111 2605 3002
4112 1071 4432
4113 3676 2035
4114 4720 4175
4115 2486 3548
4116 1995 3935
4117 1487 2583
4118 2200 777
4119 3705 4828
4120 2513 3219
4121 2105 1131
4122 973 1601
4123 770 2493
4124 1077 3753
4125 4818 3032
4126 1034 3423
4127 4206 2422
4128 808 3456
4129 2631 2882
4130 2781 527
4131 813 1468
4132 4050 4775
4133 552 2300
4134 3479 2601
4135 819 608
4136 1739 2343
4137 3943 4275
4138 1768 4063
4139 2815 1065
4140 4096 2844
4141 1267 3985
4142 2758 1481
4143 4937 1824
4144 4705 3566
4145 444 3919
4146 386 2486
4147 3612 1257
4148 4908 787
4149 3387 515
4150 1123 4738
4151 2080 557
4152 4831 4213
4153 3275 1022
4154 3438 2950
4155 794 2441
4156 1425 3886
4157 366 3412
4158 1587 4183
4159 4100 1654
4160 572 1292
4161 129 4543
4162 799 2309
4163 4447 3740
4164 4255 2058
4165 1795 4185
4166 1093 1729
4167 941 3874
4168 1248 924
4169 225 567
4170 3007 1037
4171 4922 1018
4172 781 4432
4173 4966 1640
4174 3293 2368
4175 11 4065
4176 3607 217
4177 3877 1491
4178 230 758
4179 4167 4676
4180 3860 836
4181 3916 962
4182 1187 4953
4183 2228 4856
4184 1774 3786
4185 4823 2452
4186 4822 4781
4187 564 4744
4188 2735 1954
4189 673 529
4190 4593 2380
4191 2596 2035
4192 3525 4551
4193 1660 2824
4194 2499 107
4195 942 827
4196 1788 2711
4197 4015 4858
4198 1065 4326
4199 3112 1242
4200 45 2839
4201 2619 2934
4202 4029 4866
4203 3172 4534
4204 62 1764
4205 495 3844
4206 879 1006
4207 1908 3090
4208 2265 4403
4209 861 3568
4210 746 1116
4211 178 1803
4212 3012 3885
4213 3210 4192
4214 1785 4076
4215 3266 2673
4216 606 1829
4217 3047 2236
4218 1769 987
4219 4102 1218
4220 1413 1830
4221 4187 4596
4222 4037 3643
4223 4398 1095
4224 1014 2653
4225 3768 258
4226 2060 1759
4227 643 3945
4228 3136 1423
4229 499 204
4230 2877 1272
4231 3101 116
4232 2352 4834
4233 820 1147
4234 3716 4120
4235 2302 1273
4236 868 1480
4237 123 1488
4238 3934 1256
4239 3909 4520
4240 4777 4947
4241 1705 2676
4242 2973 3189
4243 4611 3699
4244 255 2460
4245 3732 1461
4246 1577 3131
4247 2964 1832
4248 4330 3928
4249 4399 136
4250 1408 4397
4251 876 1700
4252 3188 3628
4253 4883 998
4254 1869 2121
4255 2068 3791
4256 2819 2998
4257 1186 124
4258 175 791
4259 3250 2148
4260 4961 429
4261 4911 3333
4262 1516 2889
4263 1816 4226
4264 4361 2197
4265 1593 2566
4266 4266 2121
4267 748 3821
4268 4818 2453
4269 925 1982
4270 2125 3039
4271 1036 4344
4272 820 4943
4273 2085 2221
4274 720 994
4275 2774 1686
4276 19 680
4277 3568 2684
4278 1909 1534
4279 3731 1735
4280 4301 2622
4281 4742 323
4282 495 3566
4283 2370 1841
4284 174 1665
4285 4703 3294
4286 3990 2298
4287 3592 738
4288 4310 4809
4289 802 676
4290 2362 1381
4291 2061 4927
4292 2610 2380
4293 265 1980
4294 3715 870
4295 3491 3995
4296 670 4367
4297 4284 4584
4298 2776 1164
4299 2828 1653
4300 1298 2950
4301 1599 3882
4302 4619 287
4303 95 191
4304 866 280
4305 1661 2248
4306 2174 4579
4307 1958 3721
4308 2052 4783
4309 2005 2223
4310 2569 766
4311 1484 495
4312 1431 3238
4313 754 767
4314 3771 4206
4315 3507 4933
4316 3815 69
4317 1707 106
4318 296 4785
4319 65 1802
4320 401 2513
4321 2092 1725
4322 1797 2575
4323 3709 401
4324 3975 3848
4325 966 713
4326 2560 1544
4327 1133 2449
4328 4568 342
4329 899 3238
4330 3171 3338
4331 4758 4406
4332 4511 1985
4333 1769 1465
4334 4618 1158
4335 3670 3185
4336 4909 18
4337 3944 2113
4338 2514 3057
4339 3257 2653
4340 4717 1488
4341 3031 4222
4342 3022 3628
4343 321 516
4344 3753 2589
4345 2279 1220
4346 625 1923
4347 259 2036
4348 3500 1487
4349 2644 2028
4350 212 3117
4351 4487 2665
4352 4778 1473
4353 4529 3430
4354 2434 2291
4355 3778 4137
4356 3358 3503
4357 3482 3161
4358 3676 2732
4359 1672 3803
4360 22 2428
4361 4351 3950
4362 986 1998
4363 3484 961
4364 2988 837
4365 306 1127
4366 3791 4552
4367 2376 4792
4368 3221 4920
4369 2210 3256
4370 2393 2007
4371 509 2340
4372 500 2102
4373 4833 3990
4374 2792 4175
4375 2954 2857
4376 1806 4165
4377 1162 3656
4378 4617 4143
4379 1332 4645
4380 2123 3956
4381 3507 1637
4382 1428 2266
4383 2185 2234
4384 490 1000
4385 4358 747
4386 3086 2882
4387 4983 4866
4388 208 3585
4389 4111 1168
4390 4024 2999
4391 3516 3416
4392 2072 2181
4393 2676 4677
4394 674 3040
4395 1995 4007
4396 643 2796
4397 1413 1854
4398 4087 3422
4399 773 4950
4400 696 928
4401 3809 131
4402 1348 3781
4403 3717 144
4404 1311 1555
4405 906 4179
4406 2594 1686
4407 3866 4421
4408 449 1017
4409 408 2893
4410 1899 1122
4411 270 3755
4412 608 3893
4413 3666 1682
4414 1631 1046
4415 1974 4439
4416 921 2326
4417 2458 782
4418 2277 3620
4419 175 1174
4420 1704 4939
4421 1624 2432
4422 3204 650
4423 3018 1842
4424 4734 3652
4425 4774 3426
4426 2180 1633
4427 1877 43
4428 1724 4139
4429 184 543
4430 1333 4707
4431 2032 3509
4432 643 3605
4433 2224 842
4434 2015 2919
4435 2858 3750
4436 2533 71
4437 720 4481
4438 2674 736
4439 4388 89
4440 4866 2408
4441 392 4161
4442 555 2045
4443 2535 2268
4444 4162 2278
4445 3336 2719
4446 1227 1846
4447 450 368
4448 1209 3221
4449 1140 4026
4450 2775 4575
4451 997 3997
4452 4829 1660
4453 2395 3068
4454 3157 3855
4455 1262 1782
4456 2294 3022
4457 1419 3005
4458 1624 2848
4459 1478 3953
4460 3023 786
4461 2631 4813
4462 180 602
4463 3822 4433
4464 3458 2740
4465 3667 4961
4466 309 2584
4467 4243 4663
4468 2731 1490
4469 344 1638
4470 4771 887
4471 260 2957
4472 2313 2065
4473 4912 1678
4474 631 3936
4475 1073 1389
4476 1202 5
4477 606 56
4478 4488 2733
4479 1825 4428
4480 740 2945
4481 1880 491
4482 153 1049
4483 3890 2475
4484 4112 2883
4485 121 585
4486 3541 234
4487 2298 381
4488 3410 853
4489 1140 3562
4490 4950 392
4491 397 2213
4492 2268 2503
4493 236 1002
4494 1781 1755
4495 1051 3412
4496 3902 2521
4497 4921 4282
4498 1756 4054
4499 3289 3810
4500 4394 2219
4501 2453 4761
4502 1493 4286
4503 1490 4750
4504 4663 1255
4505 1646 2629
4506 4841 4613
4507 3467 2042
4508 4396 2108
4509 214 54
4510 3465 1176
4511 48 2616
4512 1898 2366
4513 2772 1320
4514 129 3653
4515 872 2412
4516 2172 874
4517 1511 3324
4518 4425 17
4519 1271 3000
4520 1981 4088
4521 52 2916
4522 1310 1821
4523 281 3518
4524 4924 2057
4525 4584 1846
4526 4462 3388
4527 754 4632
4528 951 1359
4529 11 4877
4530 2288 2432
4531 4657 2234
4532 1909 811
4533 827 2520
4534 1871 1334
4535 1773 3449
4536 2717 3851
4537 2024 1824
4538 1693 4026
4539 1082 3656
4540 501 1616
4541 1356 665
4542 1648 1314
4543 4024 3461
4544 3337 3951
4545 2734 387
4546 2620 1976
4547 2786 2390
4548 4909 4529
4549 2214 4965
4550 4765 3132
4551 1982 3986
4552 2161 2481
4553 1506 4005
4554 4012 205
4555 1821 3939
4556 956 4513
4557 2178 4528
4558 2988 2603
4559 1553 1202
4560 1588 1324
4561 3299 4286
4562 3028 4207
4563 87 2436
4564 3752 4288
4565 2419 2300
4566 2637 3517
4567 997 753
4568 1109 4797
4569 2 3855
4570 2793 121
4571 985 3174
4572 2701 100
4573 2703 3162
4574 4363 2040
4575 3363 607
4576 1245 950
4577 1509 3013
4578 448 624
4579 1263 1595
4580 3895 4200
4581 4068 34
4582 786 1531
4583 2680 64
4584 270 1894
4585 2014 4033
4586 3558 4415
4587 4514 2998
4588 2512 2610
4589 4649 3568
4590 4175 1874
4591 4176 3011
4592 2375 1771
4593 3746 684
4594 3630 2822
4595 3373 8
4596 41 3876
4597 407 2440
4598 3856 2178
4599 4072 4438
4600 3470 4125
4601 3539 2437
4602 1787 3379
4603 988 4405
4604 2972 4298
4605 2523 636
4606 4998 3498
4607 268 1698
4608 3733 2372
4609 1545 365
4610 1725 2363
4611 2590 1270
4612 3709 1765
4613 3943 2996
4614 3785 3916
4615 4393 4366
4616 1802 3606
4617 1984 4283
4618 3687 3588
4619 4237 2971
4620 4958 1659
4621 156 1760
4622 4809 4955
4623 3678 1776
4624 2140 4894
4625 2256 223
4626 1492 216
4627 1981 1197
4628 4193 1552
4629 1820 2275
4630 1640 4329
4631 2935 1212
4632 1846 4793
4633 3381 4918
4634 4241 533
4635 2191 3969
4636 728 4198
4637 505 3698
4638 473 537
4639 430 534
4640 2108 3965
4641 4180 4037
4642 233 3599
4643 1503 2512
4644 1138 777
4645 106 4674
4646 2237 2777
4647 3922 4392
4648 4309 4082
4649 4614 3654
4650 2622 3549
4651 2747 3156
4652 3206 3350
4653 238 4603
4654 136 30
4655 3994 2019
4656 2407 2244
4657 2194 4526
4658 3389 3991
4659 4768 48
4660 4721 4527
4661 3655 1225
4662 616 1957
4663 2391 3928
4664 2581 1276
4665 4825 3356
4666 1512 203
4667 3552 3923
4668 4877 4717
4669 4746 141
4670 2159 12
4671 3607 92
4672 969 917
4673 4907 801
4674 2200 709
4675 1587 1026
4676 2250 1921
4677 229 1594
4678 521 4217
4679 1845 3971
4680 2327 3102
4681 3304 1669
4682 1943 190
4683 1258 3207
4684 4699 3171
4685 3182 2355
4686 2446 3209
4687 4125 3141
4688 3941 4766
4689 1827 4031
4690 57 1140
4691 4412 3413
4692 6 3658
4693 4227 993
4694 4963 1879
4695 4980 1071
4696 4091 3641
4697 3830 4635
4698 2841 1033
4699 4203 87
4700 2442 2539
4701 2099 3736
4702 1876 1239
4703 2357 1223
4704 253 2168
4705 4660 4183
4706 3947 1661
4707 1671 4071
4708 1415 3953
4709 831 897
4710 1967 2730
4711 1370 2162
4712 1796 1057
4713 3441 200
4714 1638 988
4715 4878 3995
4716 2730 4079
4717 1670 1976
4718 3198 958
4719 3125 4026
4720 3208 4802
4721 1463 2784
4722 3207 3506
4723 3810 3133
4724 381 973
4725 3702 992
4726 3153 2347
4727 4755 72
4728 1623 4948
4729 935 3195
4730 2189 3260
4731 2339 812
4732 4139 1270
4733 2227 360
4734 4385 2336
4735 2138 1704
4736 4487 3944
4737 2449 4952
4738 4436 4045
4739 18 1259
4740 2250 4816
4741 2162 3719
4742 142 1755
4743 3054 1916
4744 1462 1764
4745 24 3989
4746 1152 3650
4747 4919 3714
4748 4073 291
4749 3978 3498
4750 201 4809
4751 3752 1115
4752 2418 1039
4753 84 2552
4754 162 1853
4755 1668 1453
4756 171 2412
4757 518 181
4758 3448 1665
4759 3428 3571
4760 3911 4909
4761 4910 4803
4762 4868 63
4763 1705 1181
4764 4678 3940
4765 100 2034
4766 4501 1230
4767 2268 3851
4768 2755 1918
4769 123 3703
4770 155 2916
4771 1679 3142
4772 3323 1678
4773 3342 2196
4774 767 3122
4775 4383 3121
4776 2924 4677
4777 1091 644
4778 1824 2791
4779 3083 4147
4780 1181 2853
4781 4082 3182
4782 3385 681
4783 2598 2702
4784 1404 1139
4785 4054 4072
4786 2214 2911
4787 4588 733
4788 2928 1888
4789 1361 2929
4790 1049 3694
4791 4723 743
4792 1387 324
4793 3115 813
4794 4960 4562
4795 2415 2549
4796 730 1140
4797 3172 2848
4798 549 4114
4799 252 2121
4800 1193 3305
4801 1215 658
4802 1390 3406
4803 293 802
4804 82 669
4805 715 1653
4806 3748 2482
4807 2806 437
4808 2601 1486
4809 1047 2272
4810 4820 2560
4811 51 3461
4812 2661 549
4813 1015 3222
4814 343 3209
4815 1513 2618
4816 3275 2887
4817 1292 4079
4818 4880 1016
4819 3037 2936
4820 940 1313
4821 3795 3751
4822 539 1039
4823 2524 1600
4824 223 3139
4825 2051 3571
4826 3383 42
4827 1942 3453
4828 3027 1043
4829 4252 4308
4830 1926 4721
4831 2607 2116
4832 1195 200
4833 2568 3898
4834 3185 2426
4835 3739 604
4836 4354 476
4837 1515 2533
4838 484 1244
4839 734 4038
4840 2608 706
4841 2099 4136
4842 2589 991
4843 2033 392
4844 4700 615
4845 1687 2636
4846 1104 1625
4847 3176 4293
4848 4542 2298
4849 1075 743
4850 2698 2726
4851 3201 4813
4852 2345 3403
4853 4646 4715
4854 105 4180
4855 1237 1732
4856 867 2712
4857 54 3335
4858 3727 3455
4859 421 3439
4860 2426 4778
4861 1402 2107
4862 2751 3529
4863 2178 929
4864 3024 2292
4865 1369 3253
4866 3065 721
4867 4124 4570
4868 636 1762
4869 941 121
4870 1852 2092
4871 1156 2178
4872 1864 2719
4873 2525 1209
4874 999 1942
4875 1719 4298
4876 2756 3425
4877 1953 4472
4878 401 507
4879 4150 4131
4880 2383 3424
4881 496 519
4882 1440 1799
4883 3560 971
4884 1092 3427
4885 519 853
4886 4382 4295
4887 3365 1674
4888 4234 1245
4889 3187 890
4890 1539 233
4891 9 1257
4892 729 4294
4893 1152 3313
4894 2443 2481
4895 2256 302
4896 820 1177
4897 4328 2751
4898 3722 3611
4899 2037 2887
4900 3739 1165
4901 1811 2555
4902 580 3120
4903 717 176
4904 2417 1166
4905 1398 255
4906 1511 3955
4907 4600 2758
4908 1070 3591
4909 1071 752
4910 1053 4865
4911 2393 3326
4912 2429 3224
4913 1834 1720
4914 4607 2502
4915 18 222
4916 4129 4697
4917 4169 1828
4918 3355 4708
4919 873 4885
4920 1491 771
4921 1077 3622
4922 1379 3001
4923 1592 2029
4924 2780 3801
4925 3665 4014
4926 3692 184
4927 4759 2409
4928 4129 1120
4929 3621 2944
4930 3165 87
4931 4783 4990
4932 1817 2293
4933 2001 303
4934 1539 172
4935 2294 4225
4936 4199 3029
4937 1030 4723
4938 1751 577
4939 729 3973
4940 4338 882
4941 1065 745
4942 3154 3029
4943 500 2175
4944 118 2282
4945 2368 472
4946 461 3282
4947 575 3502
4948 157 2278
4949 3801 3927
4950 4503 1695
4951 4724 2446
4952 3520 3701
4953 630 753
4954 1077 270
4955 2503 1358
4956 2103 414
4957 4795 3567
4958 2093 256
4959 3889 294
4960 766 2210
4961 492 2608
4962 2461 2578
4963 4855 2418
4964 1344 2617
4965 4312 7
4966 3805 846
4967 899 4035
4968 1139 2324
4969 2594 1528
4970 2885 3567
4971 332 1448
4972 15 1339
4973 2946 126
4974 1772 3459
4975 669 1834
4976 793 3889
4977 1466 1160
4978 3577 3254
4979 2222 2673
4980 4031 1272
4981 3469 1533
4982 1919 2835
4983 159 4367
4984 894 4409
4985 2975 4104
4986 551 131
4987 1469 3307
4988 4784 1917
4989 376 4415
4990 2600 1555
4991 443 1044
4992 3555 3393
4993 2998 3261
4994 933 3483
4995 1106 219
4996 3104 4963
4997 2798 4574
4998 293 22
4999 4431 4308
1250000
