65
0 11 62
1 14 40
2 38 24
3 7 23
4 2 4
5 8 9
6 26 39
7 5 30
8 55 43
9 23 47
10 9 66
11 34 28
12 51 27
13 44 45
14 44 26
15 19 66
16 37 55
17 10 30
18 53 8
19 11 14
20 22 52
21 24 16
22 44 45
23 21 27
24 7 30
25 29 42
26 3 14
27 40 63
28 39 51
29 8 17
30 16 16
31 4 27
32 54 51
33 58 11
34 24 38
35 22 1
36 16 43
37 22 45
38 3 57
39 21 40
40 13 8
41 21 49
42 43 15
43 66 58
44 8 15
45 31 7
46 31 21
47 5 32
48 43 17
49 54 61
50 59 64
51 41 9
52 52 6
53 63 60
54 31 52
55 57 17
56 63 44
57 56 9
58 66 40
59 54 53
60 58 5
61 26 16
62 48 22
63 36 28
64 20 22
214
